1 1.2823
2 1.0917
3 0.9155
4 0.7436
5 0.6725
6 0.5963
7 0.5084
8 0.4365
9 0.3971
10 0.2829
11 0.2688
12 0.2323
13 0.2388
14 0.2195
15 0.1771
16 0.1560
17 0.1157
18 0.1278
19 0.1176
20 0.0862
21 0.0611
22 0.0614
23 0.0733
24 0.0624
25 0.0428
26 0.0574
27 0.0544
28 0.0608
29 0.0454
30 0.0285
31 0.0284
32 0.0304
33 0.0234
34 0.0224
35 0.0240
36 0.0246
37 0.0202
38 0.0166
39 0.0126
40 0.0164
41 0.0242
42 0.0120
43 0.0124
44 0.0118
45 0.0098
46 0.0097
47 0.0070
48 0.0093
49 0.0099
50 0.0083
51 0.0047
52 0.0083
53 0.0074
54 0.0060
55 0.0069
56 0.0086
57 0.0077
58 0.0050
59 0.0065
60 0.0054
61 0.0036
62 0.0032
63 0.0063
64 0.0056
65 0.0040
66 0.0048
67 0.0032
68 0.0023
69 0.0028
70 0.0038
71 0.0015
72 0.0014
73 0.0020
74 0.0013
75 0.0023
76 0.0010
77 0.0010
78 0.0010
79 0.0016
80 0.0012
81 0.0006
82 0.0010
83 0.0011
84 0.0011
85 0.0017
86 0.0010
87 0.0009
88 0.0011
89 0.0009
90 0.0004
91 0.0011
92 0.0007
93 0.0007
94 0.0007
95 0.0005
96 0.0004
97 0.0003
98 0.0004
99 0.0006
100 0.0005
101 0.0005
102 0.0006
103 0.0003
104 0.0005
105 0.0002
106 0.0001
107 0.0004
108 0.0003
109 0.0001
110 0.0003
111 0.0002
112 0.0002
113 0.0001
114 0.0002
115 0.0002
116 0.0002
117 0.0002
118 0.0001
119 0.0001
120 0.0002
121 0.0001
122 0.0001
123 0.0001
124 0.0001
125 0.0001
126 0.0001
127 0.0000
128 0.0001
129 0.0000
130 0.0001
131 0.0001
132 0.0001
133 0.0001
134 0.0001
135 0.0001
136 0.0000
137 0.0001
138 0.0000
139 0.0000
140 0.0000
141 0.0000
142 0.0000
143 0.0001
144 0.0001
145 0.0000
146 0.0001
147 0.0001
148 0.0000
149 0.0000
150 0.0000
151 0.0000
152 0.0000
153 0.0000
154 0.0000
155 0.0000
156 0.0000
157 0.0000
158 0.0000
159 0.0000
160 0.0000
161 0.0000
162 0.0000
163 0.0000
164 0.0000
165 0.0000
166 0.0000
167 0.0000
168 0.0000
169 0.0000
170 0.0000
171 0.0000
172 0.0000
173 0.0000
174 0.0000
175 0.0000
176 0.0000
177 0.0000
178 0.0000
179 0.0000
180 0.0000
181 0.0000
182 0.0000
183 0.0000
184 0.0000
185 0.0000
186 0.0000
187 0.0000
188 0.0000
189 0.0000
190 0.0000
191 0.0000
192 0.0000
193 0.0000
194 0.0000
195 0.0000
196 0.0000
197 0.0000
198 0.0000
199 0.0000
200 0.0000
201 0.0000
202 0.0000
203 0.0000
204 0.0000
205 0.0000
206 0.0000
207 0.0000
208 0.0000
209 0.0000
210 0.0000
211 0.0000
212 0.0000
213 0.0000
214 0.0000
215 0.0000
216 0.0000
217 0.0000
218 0.0000
219 0.0000
220 0.0000
221 0.0000
222 0.0000
223 0.0000
224 0.0000
225 0.0000
226 0.0000
227 0.0000
228 0.0000
229 0.0000
230 0.0000
231 0.0000
232 0.0000
233 0.0000
234 0.0000
235 0.0000
236 0.0000
237 0.0000
238 0.0000
239 0.0000
240 0.0000
241 0.0000
242 0.0000
243 0.0000
244 0.0000
245 0.0000
246 0.0000
247 0.0000
248 0.0000
249 0.0000
250 0.0000
251 0.0000
252 0.0000
253 0.0000
254 0.0000
255 0.0000
256 0.0000
257 0.0000
258 0.0000
259 0.0000
260 0.0000
261 0.0000
262 0.0000
263 0.0000
264 0.0000
265 0.0000
266 0.0000
267 0.0000
268 0.0000
269 0.0000
270 0.0000
271 0.0000
272 0.0000
273 0.0000
274 0.0000
275 0.0000
276 0.0000
277 0.0000
278 0.0000
279 0.0000
280 0.0000
281 0.0000
282 0.0000
283 0.0000
284 0.0000
285 0.0000
286 0.0000
287 0.0000
288 0.0000
289 0.0000
290 0.0000
291 0.0000
292 0.0000
293 0.0000
294 0.0000
295 0.0000
296 0.0000
297 0.0000
298 0.0000
299 0.0000
300 0.0000
