1 1.2269
2 1.2326
3 1.3190
4 1.2091
5 1.1054
6 1.0498
7 1.0488
8 0.9702
9 0.8908
10 0.8407
11 0.7173
12 0.8061
13 0.8464
14 0.6292
15 0.6491
16 0.6263
17 0.6426
18 0.6295
19 0.5234
20 0.6101
21 0.5970
22 0.4864
23 0.4948
24 0.5293
25 0.5843
26 0.3355
27 0.4278
28 0.4390
29 0.3851
30 0.3949
31 0.3970
32 0.4374
33 0.3903
34 0.3960
35 0.4088
36 0.3472
37 0.3619
38 0.2881
39 0.3015
40 0.3208
41 0.3292
42 0.2399
43 0.2848
44 0.3222
45 0.2343
46 0.2740
47 0.3563
48 0.2676
49 0.3150
50 0.2293
51 0.2425
52 0.1941
53 0.1566
54 0.2634
55 0.1939
56 0.1896
57 0.2102
58 0.1804
59 0.2341
60 0.2520
61 0.2254
62 0.2736
63 0.2169
64 0.1904
65 0.2627
66 0.1324
67 0.1299
68 0.1799
69 0.1811
70 0.1889
71 0.1876
72 0.1415
73 0.1180
74 0.1991
75 0.1714
76 0.2278
77 0.1829
78 0.1732
79 0.1454
80 0.1779
81 0.1788
82 0.1202
83 0.1151
84 0.1105
85 0.1469
86 0.1369
87 0.1424
88 0.2415
89 0.1002
90 0.1057
91 0.0786
92 0.1093
93 0.1641
94 0.1557
95 0.1300
96 0.1109
97 0.1517
98 0.1551
99 0.0713
100 0.1815
101 0.1086
102 0.1539
103 0.1207
104 0.1456
105 0.1293
106 0.1851
107 0.1203
108 0.1046
109 0.0950
110 0.0921
111 0.1272
112 0.0985
113 0.1916
114 0.0942
115 0.1006
116 0.1333
117 0.2792
118 0.1044
119 0.1198
120 0.1675
121 0.1126
122 0.0918
123 0.1050
124 0.0964
125 0.0331
126 0.0967
127 0.1155
128 0.1204
129 0.1673
130 0.1170
131 0.0813
132 0.1284
133 0.0966
134 0.0772
135 0.0749
136 0.0634
137 0.1161
138 0.0806
139 0.0450
140 0.1198
141 0.1354
142 0.1371
143 0.0449
144 0.0798
145 0.0758
146 0.0958
147 0.0767
148 0.1071
149 0.1123
150 0.0950
151 0.1351
152 0.1478
153 0.1782
154 0.0681
155 0.1177
156 0.1010
157 0.0522
158 0.0862
159 0.0926
160 0.0977
161 0.0466
162 0.0530
163 0.1098
164 0.0803
165 0.0832
166 0.1047
167 0.0279
168 0.0828
169 0.0685
170 0.0984
171 0.0725
172 0.0896
173 0.0588
174 0.0671
175 0.0639
176 0.1210
177 0.0598
178 0.1219
179 0.0315
180 0.0726
181 0.0617
182 0.0820
183 0.1243
184 0.0287
185 0.0583
186 0.0794
187 0.0523
188 0.0564
189 0.0779
190 0.0665
191 0.0642
192 0.0973
193 0.0849
194 0.0985
195 0.0591
196 0.0596
197 0.0560
198 0.0637
199 0.0725
200 0.0610
201 0.0795
202 0.1113
203 0.0750
204 0.0810
205 0.1019
206 0.0528
207 0.0768
208 0.0334
209 0.0685
210 0.0663
211 0.0997
212 0.0557
213 0.0784
214 0.0529
215 0.0951
216 0.0647
217 0.0912
218 0.0546
219 0.0828
220 0.0742
221 0.0586
222 0.0304
223 0.0675
224 0.1089
225 0.0701
226 0.0918
227 0.0810
228 0.1396
229 0.0690
230 0.0547
231 0.0818
232 0.0477
233 0.0506
234 0.0568
235 0.0479
236 0.0466
237 0.0104
238 0.0933
239 0.1028
240 0.0979
241 0.1370
242 0.0581
243 0.0533
244 0.1071
245 0.0708
246 0.0860
247 0.0796
248 0.0832
249 0.0570
250 0.0329
251 0.0931
252 0.1142
253 0.0895
254 0.0609
255 0.0569
256 0.0689
257 0.0790
258 0.0515
259 0.0349
260 0.0885
261 0.0393
262 0.0732
263 0.0637
264 0.0995
265 0.0593
266 0.0871
267 0.0883
268 0.0699
269 0.0227
270 0.0681
271 0.1266
272 0.0878
273 0.0385
274 0.0815
275 0.0522
276 0.0458
277 0.0748
278 0.1114
279 0.0506
280 0.0317
281 0.0629
282 0.0911
283 0.0287
284 0.0083
285 0.0527
286 0.0406
287 0.0642
288 0.0890
289 0.0647
290 0.0461
291 0.0472
292 0.0883
293 0.0589
294 0.0401
295 0.0628
296 0.0808
297 0.0224
298 0.0362
299 0.0313
300 0.1123
301 0.0477
302 0.0586
303 0.0847
304 0.0436
305 0.0647
306 0.0629
307 0.0198
308 0.0380
309 0.0313
310 0.0480
311 0.0376
312 0.0587
313 0.0675
314 0.0993
315 0.0372
316 0.0733
317 0.0356
318 0.0644
319 0.0471
320 0.0690
321 0.0282
322 0.0171
323 0.0415
324 0.0884
325 0.0899
326 0.0715
327 0.0489
328 0.0208
329 0.0339
330 0.0453
331 0.0499
332 0.0483
333 0.0340
334 0.0862
335 0.0644
336 0.0963
337 0.0655
338 0.1174
339 0.0661
340 0.0269
341 0.0509
342 0.0518
343 0.0327
344 0.0267
345 0.0873
346 0.0623
347 0.0504
348 0.1177
349 0.0247
350 0.0318
351 0.0351
352 0.0696
353 0.0628
354 0.0559
355 0.0698
356 0.0184
357 0.0786
358 0.0454
359 0.0582
360 0.0565
361 0.0781
362 0.0485
363 0.0230
364 0.0387
365 0.0308
366 0.1248
367 0.0399
368 0.0501
369 0.0597
370 0.0348
371 0.0765
372 0.0544
373 0.0195
374 0.0461
375 0.0530
376 0.0242
377 0.0637
378 0.0181
379 0.1507
380 0.0499
381 0.0372
382 0.0918
383 0.0367
384 0.0260
385 0.0493
386 0.1399
387 0.0585
388 0.1104
389 0.0212
390 0.0375
391 0.0434
392 0.0455
393 0.0672
394 0.0369
395 0.0432
396 0.1312
397 0.0365
398 0.0506
399 0.0557
400 0.0541
401 0.0733
402 0.0314
403 0.0679
404 0.0135
405 0.0474
406 0.0809
407 0.0115
408 0.0444
409 0.0273
410 0.0350
411 0.0506
412 0.0320
413 0.0635
414 0.0315
415 0.0119
416 0.0506
417 0.0667
418 0.0723
419 0.0401
420 0.0078
421 0.0191
422 0.0379
423 0.0332
424 0.0327
425 0.0907
426 0.0820
427 0.0664
428 0.0245
429 0.0448
430 0.0126
431 0.0400
432 0.0391
433 0.0797
434 0.0397
435 0.0374
436 0.0111
437 0.0119
438 0.0373
439 0.0479
440 0.0386
441 0.0420
442 0.0740
443 0.0466
444 0.0326
445 0.0156
446 0.0229
447 0.0371
448 0.0511
449 0.0117
450 0.1475
451 0.0167
452 0.0068
453 0.0250
454 0.1720
455 0.0925
456 0.0273
457 0.0933
458 0.0348
459 0.0395
460 0.0554
461 0.0256
462 0.0083
463 0.1130
464 0.0566
465 0.0282
466 0.0331
467 0.0379
468 0.0374
469 0.0198
470 0.0577
471 0.0137
472 0.0771
473 0.0675
474 0.0417
475 0.0206
476 0.1462
477 0.0262
478 0.0275
479 0.0672
480 0.1674
481 0.0129
482 0.0876
483 0.0492
484 0.0994
485 0.0244
486 0.0272
487 0.0133
488 0.0373
489 0.0553
490 0.0357
491 0.0925
492 0.0758
493 0.0098
494 0.0426
495 0.0083
496 0.0161
497 0.0594
498 0.0404
499 0.0419
500 0.0107
501 0.0493
502 0.0011
503 0.0346
504 0.1784
505 0.0837
506 0.0069
507 0.0624
508 0.0255
509 0.0538
510 0.0281
511 0.0316
512 0.0514
513 0.0547
514 0.0900
515 0.0247
516 0.0657
517 0.1093
518 0.0384
519 0.0120
520 0.0445
521 0.0209
522 0.0063
523 0.0642
524 0.0381
525 0.0355
526 0.0178
527 0.0471
528 0.0785
529 0.0538
530 0.0240
531 0.0551
532 0.0590
533 0.0232
534 0.0451
535 0.0610
536 0.0452
537 0.0933
538 0.0204
539 0.0646
540 0.0040
541 0.0426
542 0.0671
543 0.0379
544 0.0280
545 0.0430
546 0.0354
547 0.0590
548 0.0282
549 0.0813
550 0.0126
551 0.0823
552 0.0400
553 0.0355
554 0.0464
555 0.0120
556 0.0270
557 0.0588
558 0.0479
559 0.0286
560 0.0522
561 0.0857
562 0.0300
563 0.0418
564 0.0504
565 0.0904
566 0.0484
567 0.0197
568 0.0153
569 0.0918
570 0.0464
571 0.0070
572 0.0330
573 0.0288
574 0.0295
575 0.0475
576 0.0610
577 0.0033
578 0.0075
579 0.0881
580 0.0427
581 0.0167
582 0.0568
583 0.0200
584 0.0478
585 0.0370
586 0.0652
587 0.0326
588 0.0402
589 0.0150
590 0.0424
591 0.0228
592 0.0373
593 0.0541
594 0.0441
595 0.0254
596 0.0358
597 0.0233
598 0.0181
599 0.0318
600 0.0408
601 0.0629
602 0.0394
603 0.0256
604 0.0456
605 0.0615
606 0.0182
607 0.0271
608 0.0594
609 0.0207
610 0.0203
611 0.0773
612 0.0384
613 0.0729
614 0.1200
615 0.0126
616 0.0353
617 0.0333
618 0.0509
619 0.0138
620 0.0524
621 0.0667
622 0.0340
623 0.0400
624 0.0103
625 0.0528
626 0.0763
627 0.0305
628 0.0486
629 0.1034
630 0.0205
631 0.0592
632 0.0233
633 0.0220
634 0.0387
635 0.0117
636 0.0185
637 0.0222
638 0.0309
639 0.0293
640 0.0221
641 0.0226
642 0.0413
643 0.0199
644 0.0157
645 0.0073
646 0.0232
647 0.0350
648 0.0660
649 0.0712
650 0.0316
651 0.0357
652 0.0768
653 0.0846
654 0.0665
655 0.0374
656 0.0098
657 0.0294
658 0.0576
659 0.0068
660 0.0289
661 0.0557
662 0.0674
663 0.0175
664 0.0586
665 0.0546
666 0.0498
667 0.0277
668 0.0209
669 0.0425
670 0.0172
671 0.0464
672 0.0699
673 0.0544
674 0.0092
675 0.0261
676 0.0541
677 0.0261
678 0.0150
679 0.0839
680 0.0141
681 0.0535
682 0.0525
683 0.0424
684 0.0428
685 0.0287
686 0.0758
687 0.0568
688 0.0180
689 0.0247
690 0.0126
691 0.0291
692 0.0388
693 0.0192
694 0.0410
695 0.0873
696 0.0487
697 0.0656
698 0.0607
699 0.0798
700 0.0091
701 0.0207
702 0.0617
703 0.0154
704 0.0489
705 0.0044
706 0.0271
707 0.0061
708 0.0425
709 0.0516
710 0.0875
711 0.0755
712 0.0028
713 0.0774
714 0.0177
715 0.0392
716 0.0156
717 0.0134
718 0.0774
719 0.0280
720 0.0088
721 0.0377
722 0.0927
723 0.0805
724 0.0355
725 0.0345
726 0.0751
727 0.0341
728 0.1264
729 0.0020
730 0.0588
731 0.0224
732 0.0422
733 0.0155
734 0.0392
735 0.0380
736 0.0248
737 0.0972
738 0.0196
739 0.0264
740 0.0843
741 0.0080
742 0.0646
743 0.0249
744 0.1071
745 0.0021
746 0.0275
747 0.0338
748 0.0214
749 0.0401
750 0.0350
751 0.0032
752 0.0598
753 0.0214
754 0.0338
755 0.0376
756 0.0633
757 0.0368
758 0.0129
759 0.0368
760 0.0280
761 0.0066
762 0.0782
763 0.0157
764 0.0206
765 0.0301
766 0.0416
767 0.0046
768 0.0077
769 0.0086
770 0.0682
771 0.0156
772 0.0349
773 0.0326
774 0.0618
775 0.0310
776 0.1040
777 0.0329
778 0.0078
779 0.0076
780 0.0078
781 0.0280
782 0.0414
783 0.0079
784 0.0044
785 0.0780
786 0.0506
787 0.0360
788 0.0069
789 0.0312
790 0.0653
791 0.0405
792 0.0165
793 0.0462
794 0.0082
795 0.0226
796 0.0416
797 0.0658
798 0.0101
799 0.0436
800 0.0164
801 0.0496
802 0.0095
803 0.0817
804 0.0231
805 0.1737
806 0.0340
807 0.0549
808 0.0169
809 0.0017
810 0.0100
811 0.0374
812 0.0096
813 0.0816
814 0.0080
815 0.0243
816 0.0448
817 0.0258
818 0.0364
819 0.0090
820 0.0430
821 0.0402
822 0.0669
823 0.0026
824 0.0220
825 0.0296
826 0.0247
827 0.0321
828 0.1388
829 0.0132
830 0.0294
831 0.0195
832 0.0249
833 0.0539
834 0.0137
835 0.0536
836 0.0974
837 0.0452
838 0.0020
839 0.0775
840 0.0151
841 0.0986
842 0.0375
843 0.0211
844 0.0259
845 0.1149
846 0.0030
847 0.0364
848 0.0090
849 0.0595
850 0.1260
851 0.0386
852 0.0235
853 0.0255
854 0.0316
855 0.0199
856 0.0427
857 0.0282
858 0.0253
859 0.0476
860 0.0408
861 0.0130
862 0.0672
863 0.0100
864 0.0195
865 0.0254
866 0.0954
867 0.0841
868 0.0972
869 0.0284
870 0.0637
871 0.0029
872 0.0501
873 0.0030
874 0.0295
875 0.0209
876 0.0376
877 0.0342
878 0.0159
879 0.0384
880 0.0532
881 0.0502
882 0.0251
883 0.0517
884 0.0340
885 0.0051
886 0.0357
887 0.0325
888 0.0265
889 0.0342
890 0.0390
891 0.0123
892 0.0492
893 0.0177
894 0.0485
895 0.0411
896 0.0628
897 0.0096
898 0.0924
899 0.0292
900 0.0681
901 0.0141
902 0.0225
903 0.0220
904 0.0115
905 0.0320
906 0.0186
907 0.0116
908 0.1212
909 0.0255
910 0.0092
911 0.0659
912 0.0132
913 0.0095
914 0.0081
915 0.0192
916 0.0740
917 0.0064
918 0.0367
919 0.0020
920 0.0832
921 0.0272
922 0.0176
923 0.0886
924 0.0610
925 0.0102
926 0.0211
927 0.0454
928 0.0697
929 0.0522
930 0.0505
931 0.0236
932 0.0131
933 0.0364
934 0.0030
935 0.0498
936 0.0525
937 0.0373
938 0.0093
939 0.1746
940 0.0029
941 0.0323
942 0.0010
943 0.0313
944 0.0447
945 0.0265
946 0.0705
947 0.0142
948 0.0082
949 0.0107
950 0.0087
951 0.0108
952 0.0228
953 0.0687
954 0.1069
955 0.0120
956 0.0367
957 0.0554
958 0.0672
959 0.0075
960 0.0470
961 0.0178
962 0.1186
963 0.0232
964 0.0115
965 0.0020
966 0.0363
967 0.0385
968 0.0499
969 0.0392
970 0.0551
971 0.0870
972 0.0071
973 0.0171
974 0.0427
975 0.0215
976 0.0506
977 0.0186
978 0.0096
979 0.0144
980 0.0216
981 0.0352
982 0.0771
983 0.1485
984 0.0249
985 0.0148
986 0.0109
987 0.0067
988 0.0091
989 0.0083
990 0.0275
991 0.0579
992 0.0139
993 0.0556
994 0.0385
995 0.0295
996 0.0094
997 0.0051
998 0.0153
999 0.0423
1000 0.0032
1001 0.0048
1002 0.1015
1003 0.0320
1004 0.0133
1005 0.0482
1006 0.0504
1007 0.0024
1008 0.0672
1009 0.0397
1010 0.0228
1011 0.0063
1012 0.0763
1013 0.0114
1014 0.0314
1015 0.0773
1016 0.0576
1017 0.0418
1018 0.0284
1019 0.0046
1020 0.0037
1021 0.0300
1022 0.1424
1023 0.0272
1024 0.0290
1025 0.0428
1026 0.0420
1027 0.0381
1028 0.0181
1029 0.0707
1030 0.0454
1031 0.0042
1032 0.0307
1033 0.0315
1034 0.0305
1035 0.0056
1036 0.0300
1037 0.0326
1038 0.0350
1039 0.0211
1040 0.0101
1041 0.0436
1042 0.0094
1043 0.0342
1044 0.1375
1045 0.0384
1046 0.0017
1047 0.0038
1048 0.0372
1049 0.0368
1050 0.0184
1051 0.1291
1052 0.0087
1053 0.0712
1054 0.0230
1055 0.0348
1056 0.0368
1057 0.0227
1058 0.0359
1059 0.0583
1060 0.0176
1061 0.0374
1062 0.0337
1063 0.0227
1064 0.0909
1065 0.0609
1066 0.0115
1067 0.0253
1068 0.0345
1069 0.0810
1070 0.0487
1071 0.0544
1072 0.1246
1073 0.0239
1074 0.0522
1075 0.0632
1076 0.0848
1077 0.0338
1078 0.0408
1079 0.0599
1080 0.0556
1081 0.0205
1082 0.0140
1083 0.0236
1084 0.0248
1085 0.1199
1086 0.0081
1087 0.0823
1088 0.0129
1089 0.0131
1090 0.0116
1091 0.0096
1092 0.0011
1093 0.0375
1094 0.0508
1095 0.0346
1096 0.0478
1097 0.0716
1098 0.0097
1099 0.0135
1100 0.0623
1101 0.0475
1102 0.0314
1103 0.0420
1104 0.0368
1105 0.0023
1106 0.0216
1107 0.0363
1108 0.0594
1109 0.0400
1110 0.0619
1111 0.0101
1112 0.0174
1113 0.0156
1114 0.0254
1115 0.0557
1116 0.0138
1117 0.0174
1118 0.0485
1119 0.0390
1120 0.0223
1121 0.0521
1122 0.0305
1123 0.1471
1124 0.0055
1125 0.0334
1126 0.0451
1127 0.0768
1128 0.0192
1129 0.0726
1130 0.0273
1131 0.0198
1132 0.0183
1133 0.0226
1134 0.0347
1135 0.0589
1136 0.0063
1137 0.0294
1138 0.0506
1139 0.0289
1140 0.0340
1141 0.0471
1142 0.0234
1143 0.0929
1144 0.0218
1145 0.0050
1146 0.0411
1147 0.0974
1148 0.0078
1149 0.0248
1150 0.0510
1151 0.0464
1152 0.0394
1153 0.0528
1154 0.0439
1155 0.0021
1156 0.0159
1157 0.0438
1158 0.0298
1159 0.0978
1160 0.0602
1161 0.0438
1162 0.0883
1163 0.0570
1164 0.0032
1165 0.0348
1166 0.0032
1167 0.0102
1168 0.0665
1169 0.0266
1170 0.0171
1171 0.0468
1172 0.0469
1173 0.0336
1174 0.0509
1175 0.0620
1176 0.0651
1177 0.0358
1178 0.0780
1179 0.0109
1180 0.0222
1181 0.0807
1182 0.0205
1183 0.0275
1184 0.0311
1185 0.0107
1186 0.0151
1187 0.0506
1188 0.0198
1189 0.0046
1190 0.0087
1191 0.0253
1192 0.0862
1193 0.0202
1194 0.0287
1195 0.0053
1196 0.0239
1197 0.0198
1198 0.0125
1199 0.0708
1200 0.0267
1201 0.0287
1202 0.0232
1203 0.0571
1204 0.0898
1205 0.0208
1206 0.0495
1207 0.0448
1208 0.0023
1209 0.0341
1210 0.0439
1211 0.0331
1212 0.0213
1213 0.0503
1214 0.0032
1215 0.0308
1216 0.0431
1217 0.0405
1218 0.0198
1219 0.0920
1220 0.0616
1221 0.0071
1222 0.0130
1223 0.0230
1224 0.0217
1225 0.0355
1226 0.0380
1227 0.0144
1228 0.0163
1229 0.0746
1230 0.1038
1231 0.0559
1232 0.0587
1233 0.0493
1234 0.0283
1235 0.0365
1236 0.0227
1237 0.0266
1238 0.0426
1239 0.0020
1240 0.0258
1241 0.0054
1242 0.0600
1243 0.0048
1244 0.1019
1245 0.0527
1246 0.0260
1247 0.0249
1248 0.0026
1249 0.0672
1250 0.0744
1251 0.0183
1252 0.0027
1253 0.0289
1254 0.0224
1255 0.0398
1256 0.0169
1257 0.0215
1258 0.0539
1259 0.0225
1260 0.0254
1261 0.0334
1262 0.0238
1263 0.0719
1264 0.0293
1265 0.0188
1266 0.0323
1267 0.0165
1268 0.0154
1269 0.0137
1270 0.0606
1271 0.0312
1272 0.0132
1273 0.0152
1274 0.0279
1275 0.0036
1276 0.0131
1277 0.0424
1278 0.0086
1279 0.0041
1280 0.0279
1281 0.0011
1282 0.0388
1283 0.0216
1284 0.0082
1285 0.0785
1286 0.0664
1287 0.0295
1288 0.0031
1289 0.0151
1290 0.0134
1291 0.0552
1292 0.0584
1293 0.0184
1294 0.0392
1295 0.0543
1296 0.0025
1297 0.0461
1298 0.0195
1299 0.0552
1300 0.0036
1301 0.0069
1302 0.0776
1303 0.0482
1304 0.0275
1305 0.0157
1306 0.0093
1307 0.0171
1308 0.0037
1309 0.0195
1310 0.0070
1311 0.0069
1312 0.0058
1313 0.0196
1314 0.0337
1315 0.0398
1316 0.0073
1317 0.0148
1318 0.0418
1319 0.0064
1320 0.0312
1321 0.0056
1322 0.0130
1323 0.0526
1324 0.0242
1325 0.0040
1326 0.0117
1327 0.0041
1328 0.0180
1329 0.0192
1330 0.0266
1331 0.0374
1332 0.0608
1333 0.0272
1334 0.0461
1335 0.0328
1336 0.0091
1337 0.0941
1338 0.0101
1339 0.0191
1340 0.0516
1341 0.0109
1342 0.0582
1343 0.0154
1344 0.0158
1345 0.0833
1346 0.0213
1347 0.0065
1348 0.0283
1349 0.0500
1350 0.0171
1351 0.0257
1352 0.0122
1353 0.0023
1354 0.0057
1355 0.0266
1356 0.0223
1357 0.0601
1358 0.0045
1359 0.0220
1360 0.0664
1361 0.0008
1362 0.0180
1363 0.0293
1364 0.0693
1365 0.0418
1366 0.0271
1367 0.0134
1368 0.0418
1369 0.0019
1370 0.0081
1371 0.0369
1372 0.0059
1373 0.0006
1374 0.0035
1375 0.0203
1376 0.0107
1377 0.0325
1378 0.0418
1379 0.0585
1380 0.0937
1381 0.0269
1382 0.0117
1383 0.0278
1384 0.0010
1385 0.0406
1386 0.0877
1387 0.0259
1388 0.0474
1389 0.0311
1390 0.0417
1391 0.0023
1392 0.0489
1393 0.0002
1394 0.0211
1395 0.0263
1396 0.0596
1397 0.0074
1398 0.0062
1399 0.0032
1400 0.0461
1401 0.0337
1402 0.0541
1403 0.1766
1404 0.1405
1405 0.0018
1406 0.0309
1407 0.0001
1408 0.0057
1409 0.0005
1410 0.0898
1411 0.0083
1412 0.0519
1413 0.0149
1414 0.0172
1415 0.0029
1416 0.0443
1417 0.0205
1418 0.0117
1419 0.0200
1420 0.0035
1421 0.0255
1422 0.0148
1423 0.0491
1424 0.0048
1425 0.0155
1426 0.0218
1427 0.1186
1428 0.0439
1429 0.0437
1430 0.2272
1431 0.0575
1432 0.0004
1433 0.0313
1434 0.0590
1435 0.0586
1436 0.0015
1437 0.0995
1438 0.0314
1439 0.0125
1440 0.0394
1441 0.0223
1442 0.0343
1443 0.0195
1444 0.0728
1445 0.0159
1446 0.0408
1447 0.0298
1448 0.0286
1449 0.0032
1450 0.0027
1451 0.0394
1452 0.0167
1453 0.0377
1454 0.0189
1455 0.0338
1456 0.0181
1457 0.0054
1458 0.0085
1459 0.0028
1460 0.0355
1461 0.0120
1462 0.0242
1463 0.0009
1464 0.0067
1465 0.0011
1466 0.1384
1467 0.0757
1468 0.0334
1469 0.1131
1470 0.0127
1471 0.0390
1472 0.0511
1473 0.0214
1474 0.0656
1475 0.0426
1476 0.0162
1477 0.0199
1478 0.0282
1479 0.0236
1480 0.0210
1481 0.0154
1482 0.0004
1483 0.0614
1484 0.0048
1485 0.0287
1486 0.0241
1487 0.0562
1488 0.0010
1489 0.0104
1490 0.0483
1491 0.0305
1492 0.0832
1493 0.0271
1494 0.0362
1495 0.0240
1496 0.0116
1497 0.0346
1498 0.0467
1499 0.0043
1500 0.0103
1501 0.0899
1502 0.0487
1503 0.0444
1504 0.0004
1505 0.0183
1506 0.0110
1507 0.0224
1508 0.0721
1509 0.0172
1510 0.0176
1511 0.0477
1512 0.0028
1513 0.0738
1514 0.0054
1515 0.0074
1516 0.0124
1517 0.0158
1518 0.0257
1519 0.0312
1520 0.0283
1521 0.0077
1522 0.0070
1523 0.0565
1524 0.0151
1525 0.0432
1526 0.0106
1527 0.0236
1528 0.0757
1529 0.0160
1530 0.0251
1531 0.0023
1532 0.0071
1533 0.0044
1534 0.0054
1535 0.0992
1536 0.0359
1537 0.0290
1538 0.0125
1539 0.0214
1540 0.0155
1541 0.0633
1542 0.0070
1543 0.0274
1544 0.0321
1545 0.0438
1546 0.0287
1547 0.0890
1548 0.0279
1549 0.0441
1550 0.0771
1551 0.0022
1552 0.0557
1553 0.0549
1554 0.0499
1555 0.0159
1556 0.0022
1557 0.0164
1558 0.0825
1559 0.0077
1560 0.0370
1561 0.0067
1562 0.0376
1563 0.0420
1564 0.0314
1565 0.0312
1566 0.0434
1567 0.0294
1568 0.0258
1569 0.0723
1570 0.0076
1571 0.0447
1572 0.0109
1573 0.0078
1574 0.0041
1575 0.0382
1576 0.0090
1577 0.0286
1578 0.0180
1579 0.0398
1580 0.0491
1581 0.0359
1582 0.0541
1583 0.0014
1584 0.0171
1585 0.0027
1586 0.0341
1587 0.0001
1588 0.0168
1589 0.0124
1590 0.0285
1591 0.0019
1592 0.0448
1593 0.0438
1594 0.0017
1595 0.0297
1596 0.0077
1597 0.0680
1598 0.0470
1599 0.0189
1600 0.0078
1601 0.0022
1602 0.0077
1603 0.0038
1604 0.0077
1605 0.0040
1606 0.0074
1607 0.0415
1608 0.0387
1609 0.0189
1610 0.0086
1611 0.0235
1612 0.0001
1613 0.0347
1614 0.0544
1615 0.0072
1616 0.0037
1617 0.0278
1618 0.0473
1619 0.0156
1620 0.0087
1621 0.0391
1622 0.0720
1623 0.0797
1624 0.0184
1625 0.0700
1626 0.0373
1627 0.1056
1628 0.0093
1629 0.0040
1630 0.1212
1631 0.0783
1632 0.0149
1633 0.0128
1634 0.0107
1635 0.0297
1636 0.0641
1637 0.0154
1638 0.0193
1639 0.0276
1640 0.0425
1641 0.0284
1642 0.0056
1643 0.0105
1644 0.0221
1645 0.0223
1646 0.0970
1647 0.2155
1648 0.0458
1649 0.0057
1650 0.0552
1651 0.0131
1652 0.0052
1653 0.0490
1654 0.0034
1655 0.0127
1656 0.0044
1657 0.0042
1658 0.0149
1659 0.0242
1660 0.0219
1661 0.0399
1662 0.0225
1663 0.0444
1664 0.0025
1665 0.0694
1666 0.0203
1667 0.0145
1668 0.0157
1669 0.0146
1670 0.0567
1671 0.0515
1672 0.0098
1673 0.0092
1674 0.0599
1675 0.0275
1676 0.0010
1677 0.0198
1678 0.0366
1679 0.0097
1680 0.0185
1681 0.0130
1682 0.1015
1683 0.0746
1684 0.0728
1685 0.0641
1686 0.0014
1687 0.0138
1688 0.0582
1689 0.1398
1690 0.0125
1691 0.0071
1692 0.0168
1693 0.0332
1694 0.0007
1695 0.0354
1696 0.0031
1697 0.0055
1698 0.0342
1699 0.0134
1700 0.1034
1701 0.0223
1702 0.0367
1703 0.0586
1704 0.0134
1705 0.0021
1706 0.0952
1707 0.0548
1708 0.0112
1709 0.0333
1710 0.0311
1711 0.0208
1712 0.1207
1713 0.0365
1714 0.0299
1715 0.0042
1716 0.0014
1717 0.0422
1718 0.0205
1719 0.1236
1720 0.0031
1721 0.0250
1722 0.0569
1723 0.1286
1724 0.0054
1725 0.0130
1726 0.0015
1727 0.0201
1728 0.0417
1729 0.0126
1730 0.0849
1731 0.0571
1732 0.0245
1733 0.0424
1734 0.0126
1735 0.0255
1736 0.0261
1737 0.0060
1738 0.0170
1739 0.0001
1740 0.0073
1741 0.0199
1742 0.0790
1743 0.0235
1744 0.0334
1745 0.0153
1746 0.1079
1747 0.0544
1748 0.1099
1749 0.0153
1750 0.0034
1751 0.0605
1752 0.0271
1753 0.0142
1754 0.0303
1755 0.0149
1756 0.0357
1757 0.1961
1758 0.0111
1759 0.0739
1760 0.0864
1761 0.1050
1762 0.0332
1763 0.0056
1764 0.0175
1765 0.0143
1766 0.0224
1767 0.0251
1768 0.0310
1769 0.0046
1770 0.0002
1771 0.0036
1772 0.0309
1773 0.0036
1774 0.0137
1775 0.0355
1776 0.0144
1777 0.0330
1778 0.0117
1779 0.0856
1780 0.0100
1781 0.0161
1782 0.0255
1783 0.0043
1784 0.0006
1785 0.0259
1786 0.0262
1787 0.0933
1788 0.0551
1789 0.0332
1790 0.0011
1791 0.0074
1792 0.0614
1793 0.0027
1794 0.0061
1795 0.0315
1796 0.0069
1797 0.0451
1798 0.0034
1799 0.0052
1800 0.0377
1801 0.0199
1802 0.0331
1803 0.0054
1804 0.0087
1805 0.0058
1806 0.0233
1807 0.0178
1808 0.0088
1809 0.0031
1810 0.1850
1811 0.0506
1812 0.0762
1813 0.0008
1814 0.1213
1815 0.0331
1816 0.0063
1817 0.0224
1818 0.0176
1819 0.0019
1820 0.0207
1821 0.0278
1822 0.0156
1823 0.0117
1824 0.0162
1825 0.0135
1826 0.0244
1827 0.0010
1828 0.0191
1829 0.0090
1830 0.0158
1831 0.0062
1832 0.0115
1833 0.0074
1834 0.0084
1835 0.0339
1836 0.0390
1837 0.0207
1838 0.0266
1839 0.0379
1840 0.0862
1841 0.0077
1842 0.0391
1843 0.0434
1844 0.0034
1845 0.0149
1846 0.0451
1847 0.0142
1848 0.0356
1849 0.0220
1850 0.0340
1851 0.0020
1852 0.0404
1853 0.0131
1854 0.0967
1855 0.0557
1856 0.0590
1857 0.0140
1858 0.0023
1859 0.0397
1860 0.0743
1861 0.0212
1862 0.0045
1863 0.0266
1864 0.0085
1865 0.0140
1866 0.0677
1867 0.0009
1868 0.0101
1869 0.0452
1870 0.0429
1871 0.0170
1872 0.0380
1873 0.0617
1874 0.0314
1875 0.0049
1876 0.0451
1877 0.2218
1878 0.0474
1879 0.0006
1880 0.0367
1881 0.0346
1882 0.0274
1883 0.0307
1884 0.0427
1885 0.0417
1886 0.0076
1887 0.0102
1888 0.0484
1889 0.0020
1890 0.0254
1891 0.0162
1892 0.0480
1893 0.0139
1894 0.0495
1895 0.0072
1896 0.0694
1897 0.0333
1898 0.0543
1899 0.0042
1900 0.0003
1901 0.0165
1902 0.0345
1903 0.0128
1904 0.0023
1905 0.0185
1906 0.0115
1907 0.0023
1908 0.0040
1909 0.0012
1910 0.0221
1911 0.0068
1912 0.0018
1913 0.0036
1914 0.0513
1915 0.0001
1916 0.0157
1917 0.0367
1918 0.0066
1919 0.0219
1920 0.0184
1921 0.0198
1922 0.0578
1923 0.0071
1924 0.0187
1925 0.0094
1926 0.0491
1927 0.0158
1928 0.0038
1929 0.0054
1930 0.0453
1931 0.0029
1932 0.0415
1933 0.0622
1934 0.0153
1935 0.0444
1936 0.0937
1937 0.0014
1938 0.0191
1939 0.0228
1940 0.0329
1941 0.0138
1942 0.0249
1943 0.0052
1944 0.0193
1945 0.0021
1946 0.0430
1947 0.0462
1948 0.0496
1949 0.0687
1950 0.1702
1951 0.0350
1952 0.0006
1953 0.0182
1954 0.1572
1955 0.0185
1956 0.0246
1957 0.0512
1958 0.0113
1959 0.0364
1960 0.0141
1961 0.0097
1962 0.0049
1963 0.0001
1964 0.0181
1965 0.0703
1966 0.0078
1967 0.0237
1968 0.0258
1969 0.1463
1970 0.0430
1971 0.0003
1972 0.0439
1973 0.0076
1974 0.0142
1975 0.0268
1976 0.0029
1977 0.0025
1978 0.1317
1979 0.0713
1980 0.0048
1981 0.0334
1982 0.0490
1983 0.0011
1984 0.0151
1985 0.0404
1986 0.0457
1987 0.1735
1988 0.1241
1989 0.0257
1990 0.0146
1991 0.0131
1992 0.0258
1993 0.0082
1994 0.0061
1995 0.0100
1996 0.0129
1997 0.0023
1998 0.0168
1999 0.0670
2000 0.0332
2001 0.0303
2002 0.0869
2003 0.1241
2004 0.0807
2005 0.0574
2006 0.0278
2007 0.0241
2008 0.0857
2009 0.0688
2010 0.0097
2011 0.0076
2012 0.0198
2013 0.0023
2014 0.0360
2015 0.0311
2016 0.1355
2017 0.0610
2018 0.0411
2019 0.0377
2020 0.0057
2021 0.0033
2022 0.0115
2023 0.0274
2024 0.0049
2025 0.0126
2026 0.0058
2027 0.0462
2028 0.0167
2029 0.0117
2030 0.0250
2031 0.0292
2032 0.0091
2033 0.0092
2034 0.0027
2035 0.0235
2036 0.0001
2037 0.0070
2038 0.0018
2039 0.0731
2040 0.0163
2041 0.0487
2042 0.0887
2043 0.0407
2044 0.0345
2045 0.0163
2046 0.0033
2047 0.0059
2048 0.0220
2049 0.0356
2050 0.0040
2051 0.0112
2052 0.2053
2053 0.0015
2054 0.0098
2055 0.0010
2056 0.0488
2057 0.0184
2058 0.0782
2059 0.0098
2060 0.0041
2061 0.0505
2062 0.0217
2063 0.0059
2064 0.0247
2065 0.0137
2066 0.0336
2067 0.0402
2068 0.0035
2069 0.0001
2070 0.0001
2071 0.0184
2072 0.0545
2073 0.0099
2074 0.0031
2075 0.1595
2076 0.0552
2077 0.0130
2078 0.0036
2079 0.0360
2080 0.0168
2081 0.0006
2082 0.0464
2083 0.0012
2084 0.0079
2085 0.0007
2086 0.0177
2087 0.0630
2088 0.0103
2089 0.0220
2090 0.1141
2091 0.0063
2092 0.0117
2093 0.0172
2094 0.0358
2095 0.0002
2096 0.0148
2097 0.0171
2098 0.0237
2099 0.0465
2100 0.0942
2101 0.0332
2102 0.0118
2103 0.0174
2104 0.0652
2105 0.0046
2106 0.0092
2107 0.0253
2108 0.0087
2109 0.0083
2110 0.0145
2111 0.0479
2112 0.0092
2113 0.0414
2114 0.0116
2115 0.0500
2116 0.0005
2117 0.0085
2118 0.0117
2119 0.0003
2120 0.0087
2121 0.0013
2122 0.0548
2123 0.0247
2124 0.0323
2125 0.1550
2126 0.0177
2127 0.0019
2128 0.0024
2129 0.0365
2130 0.0283
2131 0.0217
2132 0.0189
2133 0.0105
2134 0.0500
2135 0.0162
2136 0.0017
2137 0.0276
2138 0.0090
2139 0.0282
2140 0.0006
2141 0.0205
2142 0.0832
2143 0.0688
2144 0.0142
2145 0.0259
2146 0.0194
2147 0.0965
2148 0.0042
2149 0.1005
2150 0.0007
2151 0.0453
2152 0.0187
2153 0.1114
2154 0.0117
2155 0.0210
2156 0.0066
2157 0.0109
2158 0.0359
2159 0.0027
2160 0.0323
2161 0.0119
2162 0.0221
2163 0.0093
2164 0.0003
2165 0.0482
2166 0.0210
2167 0.0338
2168 0.0179
2169 0.0006
2170 0.0064
2171 0.0088
2172 0.0855
2173 0.0230
2174 0.0058
2175 0.0211
2176 0.0230
2177 0.0269
2178 0.0587
2179 0.0010
2180 0.0076
2181 0.0170
2182 0.0051
2183 0.0032
2184 0.0254
2185 0.0203
2186 0.0055
2187 0.0158
2188 0.0069
2189 0.0616
2190 0.0017
2191 0.0630
2192 0.0093
2193 0.0034
2194 0.0110
2195 0.0282
2196 0.0401
2197 0.0126
2198 0.5117
2199 0.0350
2200 0.0461
2201 0.0242
2202 0.0150
2203 0.0096
2204 0.0300
2205 0.0444
2206 0.0027
2207 0.0107
2208 0.0483
2209 0.0281
2210 0.0157
2211 0.0651
2212 0.0060
2213 0.0009
2214 0.0236
2215 0.0078
2216 0.0037
2217 0.0085
2218 0.0012
2219 0.0115
2220 0.0119
2221 0.0183
2222 0.1540
2223 0.0050
2224 0.0333
2225 0.0184
2226 0.0017
2227 0.1092
2228 0.0015
2229 0.0159
2230 0.0297
2231 0.0079
2232 0.0153
2233 0.0260
2234 0.0133
2235 0.0094
2236 0.0785
2237 0.0187
2238 0.0140
2239 0.0218
2240 0.0029
2241 0.0003
2242 0.0144
2243 0.0120
2244 0.0167
2245 0.0005
2246 0.0344
2247 0.0008
2248 0.0264
2249 0.0018
2250 0.1259
2251 0.1369
2252 0.0236
2253 0.0810
2254 0.1921
2255 0.0078
2256 0.0418
2257 0.0062
2258 0.0058
2259 0.0236
2260 0.0086
2261 0.0547
2262 0.0249
2263 0.0580
2264 0.0194
2265 0.0260
2266 0.0092
2267 0.0281
2268 0.0039
2269 0.0006
2270 0.0012
2271 0.0242
2272 0.0382
2273 0.0194
2274 0.0252
2275 0.0026
2276 0.0239
2277 0.0297
2278 0.0757
2279 0.0496
2280 0.0082
2281 0.0142
2282 0.0146
2283 0.0682
2284 0.0255
2285 0.0216
2286 0.0029
2287 0.0211
2288 0.1569
2289 0.0326
2290 0.0026
2291 0.0532
2292 0.0194
2293 0.0479
2294 0.0244
2295 0.0056
2296 0.0323
2297 0.0214
2298 0.0015
2299 0.0222
2300 0.1822
2301 0.0262
2302 0.0049
2303 0.0191
2304 0.0108
2305 0.0263
2306 0.0215
2307 0.0083
2308 0.0181
2309 0.0022
2310 0.0267
2311 0.0008
2312 0.0224
2313 0.0939
2314 0.0081
2315 0.0000
2316 0.0004
2317 0.0214
2318 0.0077
2319 0.0186
2320 0.0051
2321 0.0047
2322 0.0502
2323 0.0010
2324 0.0348
2325 0.0122
2326 0.0055
2327 0.1017
2328 0.0213
2329 0.0063
2330 0.0189
2331 0.0347
2332 0.0117
2333 0.0056
2334 0.0331
2335 0.0270
2336 0.0411
2337 0.0483
2338 0.0311
2339 0.0165
2340 0.0574
2341 0.0666
2342 0.0703
2343 0.0609
2344 0.0027
2345 0.0136
2346 0.0093
2347 0.0469
2348 0.0041
2349 0.0036
2350 0.0034
2351 0.0291
2352 0.0012
2353 0.0684
2354 0.0080
2355 0.0009
2356 0.0830
2357 0.0070
2358 0.0311
2359 0.0107
2360 0.0275
2361 0.0216
2362 0.0069
2363 0.0005
2364 0.0889
2365 0.0094
2366 0.0017
2367 0.0063
2368 0.0073
2369 0.0409
2370 0.0406
2371 0.0023
2372 0.0005
2373 0.0026
2374 0.0074
2375 0.0248
2376 0.0708
2377 0.0304
2378 0.0001
2379 0.0082
2380 0.0028
2381 0.0016
2382 0.0063
2383 0.0160
2384 0.0370
2385 0.0252
2386 0.0003
2387 0.0195
2388 0.0379
2389 0.0125
2390 0.0026
2391 0.0002
2392 0.0455
2393 0.0658
2394 0.0211
2395 0.0317
2396 0.0148
2397 0.0174
2398 0.0432
2399 0.0114
2400 0.0256
2401 0.0247
2402 0.0530
2403 0.0453
2404 0.1515
2405 0.0336
2406 0.0714
2407 0.0315
2408 0.0117
2409 0.0223
2410 0.0018
2411 0.0178
2412 0.0004
2413 0.0012
2414 0.0075
2415 0.0032
2416 0.0096
2417 0.0120
2418 0.0168
2419 0.0289
2420 0.0823
2421 0.0500
2422 0.0508
2423 0.1192
2424 0.0000
2425 0.0137
2426 0.0511
2427 0.0087
2428 0.0428
2429 0.0356
2430 0.0091
2431 0.0003
2432 0.0016
2433 0.0418
2434 0.0003
2435 0.0071
2436 0.0218
2437 0.0622
2438 0.0226
2439 0.0330
2440 0.0080
2441 0.0116
2442 0.0035
2443 0.0419
2444 0.0059
2445 0.0026
2446 0.0589
2447 0.0143
2448 0.0101
2449 0.0625
2450 0.0041
2451 0.0200
2452 0.0042
2453 0.0104
2454 0.0342
2455 0.0198
2456 0.0416
2457 0.0054
2458 0.0330
2459 0.0017
2460 0.0217
2461 0.0299
2462 0.0051
2463 0.0336
2464 0.0259
2465 0.0286
2466 0.0324
2467 0.0523
2468 0.0873
2469 0.0234
2470 0.0017
2471 0.0116
2472 0.0060
2473 0.0429
2474 0.0412
2475 0.0334
2476 0.0278
2477 0.0002
2478 0.0213
2479 0.0479
2480 0.0197
2481 0.0421
2482 0.0249
2483 0.0275
2484 0.0479
2485 0.0027
2486 0.0689
2487 0.0173
2488 0.0049
2489 0.0150
2490 0.0003
2491 0.0013
2492 0.0325
2493 0.0659
2494 0.0054
2495 0.0266
2496 0.0098
2497 0.0017
2498 0.0343
2499 0.0029
2500 0.0000
2501 0.0266
2502 0.0256
2503 0.0462
2504 0.0212
2505 0.0027
2506 0.1076
2507 0.0016
2508 0.0050
2509 0.0013
2510 0.0004
2511 0.0387
2512 0.0130
2513 0.0109
2514 0.0269
2515 0.0002
2516 0.0368
2517 0.0078
2518 0.0022
2519 0.0169
2520 0.0270
2521 0.0127
2522 0.0523
2523 0.1075
2524 0.0238
2525 0.0041
2526 0.0521
2527 0.0393
2528 0.0085
2529 0.0100
2530 0.0251
2531 0.0493
2532 0.0011
2533 0.0063
2534 0.0252
2535 0.0101
2536 0.0171
2537 0.0051
2538 0.0805
2539 0.0417
2540 0.0649
2541 0.0419
2542 0.0113
2543 0.0079
2544 0.0055
2545 0.0041
2546 0.0010
2547 0.0073
2548 0.0044
2549 0.0324
2550 0.0397
2551 0.0684
2552 0.0186
2553 0.0597
2554 0.0024
2555 0.1915
2556 0.0205
2557 0.0213
2558 0.0032
2559 0.0041
2560 0.0251
2561 0.0351
2562 0.0008
2563 0.0508
2564 0.0142
2565 0.0478
2566 0.0158
2567 0.0008
2568 0.0204
2569 0.0143
2570 0.0064
2571 0.1234
2572 0.0206
2573 0.0028
2574 0.0142
2575 0.0335
2576 0.0103
2577 0.0210
2578 0.0536
2579 0.0530
2580 0.0292
2581 0.0197
2582 0.0031
2583 0.0302
2584 0.0748
2585 0.0335
2586 0.0058
2587 0.0358
2588 0.0491
2589 0.0003
2590 0.0042
2591 0.0065
2592 0.0108
2593 0.0328
2594 0.0212
2595 0.0502
2596 0.0185
2597 0.0297
2598 0.0006
2599 0.0541
2600 0.0392
2601 0.0031
2602 0.0511
2603 0.0225
2604 0.0216
2605 0.0269
2606 0.0128
2607 0.0002
2608 0.0002
2609 0.0151
2610 0.0082
2611 0.0347
2612 0.0004
2613 0.0200
2614 0.0296
2615 0.1105
2616 0.0587
2617 0.0185
2618 0.0211
2619 0.0486
2620 0.0198
2621 0.0115
2622 0.0185
2623 0.0189
2624 0.0867
2625 0.0438
2626 0.0428
2627 0.0122
2628 0.0455
2629 0.0459
2630 0.0211
2631 0.0344
2632 0.0440
2633 0.0132
2634 0.0155
2635 0.0361
2636 0.0167
2637 0.0194
2638 0.0896
2639 0.0094
2640 0.0051
2641 0.0028
2642 0.0431
2643 0.0245
2644 0.1493
2645 0.0525
2646 0.0064
2647 0.0070
2648 0.0218
2649 0.0059
2650 0.0019
2651 0.0063
2652 0.0225
2653 0.0740
2654 0.0411
2655 0.0069
2656 0.0035
2657 0.1782
2658 0.0794
2659 0.0043
2660 0.0376
2661 0.0065
2662 0.0172
2663 0.0278
2664 0.0052
2665 0.0066
2666 0.0297
2667 0.0125
2668 0.0007
2669 0.0272
2670 0.0494
2671 0.0223
2672 0.0005
2673 0.0275
2674 0.0293
2675 0.0101
2676 0.0432
2677 0.0619
2678 0.0331
2679 0.0069
2680 0.0509
2681 0.0002
2682 0.0180
2683 0.0010
2684 0.0175
2685 0.0675
2686 0.0337
2687 0.0227
2688 0.0373
2689 0.1389
2690 0.0122
2691 0.0195
2692 0.0358
2693 0.0009
2694 0.0478
2695 0.0118
2696 0.0071
2697 0.0090
2698 0.0033
2699 0.0133
2700 0.0090
2701 0.0212
2702 0.0025
2703 0.0028
2704 0.0435
2705 0.0067
2706 0.0089
2707 0.0693
2708 0.0488
2709 0.0216
2710 0.0404
2711 0.0102
2712 0.0230
2713 0.0017
2714 0.0154
2715 0.0002
2716 0.0230
2717 0.0230
2718 0.0053
2719 0.0388
2720 0.0657
2721 0.0377
2722 0.0480
2723 0.0364
2724 0.0418
2725 0.0510
2726 0.0021
2727 0.0935
2728 0.0049
2729 0.0512
2730 0.0978
2731 0.0116
2732 0.0063
2733 0.0147
2734 0.0011
2735 0.0358
2736 0.0444
2737 0.0091
2738 0.0002
2739 0.0081
2740 0.0265
2741 0.0063
2742 0.1047
2743 0.0064
2744 0.0304
2745 0.0310
2746 0.0035
2747 0.0206
2748 0.1009
2749 0.0063
2750 0.0017
2751 0.0199
2752 0.0052
2753 0.0010
2754 0.0149
2755 0.0091
2756 0.0031
2757 0.0048
2758 0.0226
2759 0.0137
2760 0.0412
2761 0.0235
2762 0.0002
2763 0.0021
2764 0.0387
2765 0.0074
2766 0.0030
2767 0.0025
2768 0.0171
2769 0.0248
2770 0.0260
2771 0.0212
2772 0.0080
2773 0.0369
2774 0.0513
2775 0.0423
2776 0.0522
2777 0.0088
2778 0.0169
2779 0.0204
2780 0.0216
2781 0.0045
2782 0.0016
2783 0.0912
2784 0.0125
2785 0.0277
2786 0.0253
2787 0.0004
2788 0.0025
2789 0.0017
2790 0.0038
2791 0.0655
2792 0.0623
2793 0.0115
2794 0.0019
2795 0.0172
2796 0.0098
2797 0.0205
2798 0.0076
2799 0.0325
2800 0.0026
2801 0.0181
2802 0.0041
2803 0.0224
2804 0.0318
2805 0.0002
2806 0.0310
2807 0.0054
2808 0.0054
2809 0.0308
2810 0.0442
2811 0.0880
2812 0.0202
2813 0.0495
2814 0.0173
2815 0.0763
2816 0.0013
2817 0.0557
2818 0.0008
2819 0.0088
2820 0.0023
2821 0.1223
2822 0.0731
2823 0.0513
2824 0.0243
2825 0.0085
2826 0.0222
2827 0.0192
2828 0.0021
2829 0.0597
2830 0.0172
2831 0.0027
2832 0.0119
2833 0.0079
2834 0.0614
2835 0.0021
2836 0.0303
2837 0.0001
2838 0.0267
2839 0.0074
2840 0.0235
2841 0.0006
2842 0.0103
2843 0.0333
2844 0.1548
2845 0.0005
2846 0.0013
2847 0.0410
2848 0.0210
2849 0.0761
2850 0.0649
2851 0.0429
2852 0.0003
2853 0.0176
2854 0.0674
2855 0.0342
2856 0.0523
2857 0.1057
2858 0.0551
2859 0.0204
2860 0.0186
2861 0.2208
2862 0.0105
2863 0.0079
2864 0.0162
2865 0.0261
2866 0.0101
2867 0.0174
2868 0.0170
2869 0.0079
2870 0.0231
2871 0.0058
2872 0.0090
2873 0.0142
2874 0.0142
2875 0.0308
2876 0.1434
2877 0.0078
2878 0.0279
2879 0.0143
2880 0.0140
2881 0.0250
2882 0.0551
2883 0.0124
2884 0.0164
2885 0.0532
2886 0.0481
2887 0.0453
2888 0.0730
2889 0.0122
2890 0.0017
2891 0.0928
2892 0.0006
2893 0.0047
2894 0.0169
2895 0.0002
2896 0.0043
2897 0.0906
2898 0.0277
2899 0.0249
2900 0.0611
2901 0.0627
2902 0.0426
2903 0.0475
2904 0.0074
2905 0.0132
2906 0.0346
2907 0.0115
2908 0.0088
2909 0.0251
2910 0.0356
2911 0.0278
2912 0.0033
2913 0.0371
2914 0.0705
2915 0.0110
2916 0.0016
2917 0.0478
2918 0.0395
2919 0.0973
2920 0.0062
2921 0.1363
2922 0.0262
2923 0.0016
2924 0.0200
2925 0.0034
2926 0.0115
2927 0.0150
2928 0.0139
2929 0.0044
2930 0.0132
2931 0.0057
2932 0.0108
2933 0.0217
2934 0.0149
2935 0.0225
2936 0.0130
2937 0.0195
2938 0.0151
2939 0.0263
2940 0.0061
2941 0.0427
2942 0.0631
2943 0.0099
2944 0.0265
2945 0.0120
2946 0.0143
2947 0.0083
2948 0.0016
2949 0.0276
2950 0.0239
2951 0.0141
2952 0.0006
2953 0.0010
2954 0.0588
2955 0.0140
2956 0.0009
2957 0.0074
2958 0.0135
2959 0.1552
2960 0.0083
2961 0.0519
2962 0.0014
2963 0.0002
2964 0.0014
2965 0.0188
2966 0.0002
2967 0.0052
2968 0.0507
2969 0.0454
2970 0.0114
2971 0.0435
2972 0.0032
2973 0.0278
2974 0.0377
2975 0.0077
2976 0.0192
2977 0.0270
2978 0.0099
2979 0.0039
2980 0.0074
2981 0.0495
2982 0.0234
2983 0.0282
2984 0.1047
2985 0.0091
2986 0.0199
2987 0.0097
2988 0.0043
2989 0.0150
2990 0.0012
2991 0.0148
2992 0.0095
2993 0.0158
2994 0.0014
2995 0.0252
2996 0.0346
2997 0.0069
2998 0.0202
2999 0.0459
3000 0.0014
3001 0.0208
3002 0.0119
3003 0.0162
3004 0.0304
3005 0.0215
3006 0.0084
3007 0.0178
3008 0.0222
3009 0.0099
3010 0.0004
3011 0.0050
3012 0.0057
3013 0.0157
3014 0.0001
3015 0.0437
3016 0.0160
3017 0.0100
3018 0.0472
3019 0.0079
3020 0.0085
3021 0.0514
3022 0.0074
3023 0.0006
3024 0.0024
3025 0.0079
3026 0.0347
3027 0.0162
3028 0.0009
3029 0.0235
3030 0.0027
3031 0.0658
3032 0.0033
3033 0.0120
3034 0.0037
3035 0.0018
3036 0.0154
3037 0.0252
3038 0.0057
3039 0.0020
3040 0.0095
3041 0.0061
3042 0.0084
3043 0.0050
3044 0.0103
3045 0.0094
3046 0.0027
3047 0.0280
3048 0.0004
3049 0.0105
3050 0.0426
3051 0.0396
3052 0.0090
3053 0.0330
3054 0.0246
3055 0.0225
3056 0.0172
3057 0.0029
3058 0.0146
3059 0.0040
3060 0.0514
3061 0.0316
3062 0.0622
3063 0.0185
3064 0.0218
3065 0.0561
3066 0.0364
3067 0.0491
3068 0.0312
3069 0.0111
3070 0.0053
3071 0.0225
3072 0.0023
3073 0.0428
3074 0.0361
3075 0.0210
3076 0.0072
3077 0.0011
3078 0.0008
3079 0.0352
3080 0.0200
3081 0.0125
3082 0.0147
3083 0.0292
3084 0.0143
3085 0.0195
3086 0.0560
3087 0.0144
3088 0.0581
3089 0.0062
3090 0.0015
3091 0.0042
3092 0.0145
3093 0.0014
3094 0.1377
3095 0.0008
3096 0.0199
3097 0.0033
3098 0.0758
3099 0.0048
3100 0.0038
3101 0.0007
3102 0.0109
3103 0.0001
3104 0.0001
3105 0.0021
3106 0.0367
3107 0.0019
3108 0.0151
3109 0.0312
3110 0.0067
3111 0.0221
3112 0.0201
3113 0.0050
3114 0.0022
3115 0.0213
3116 0.0103
3117 0.0538
3118 0.0856
3119 0.0355
3120 0.1393
3121 0.0017
3122 0.0031
3123 0.0225
3124 0.0001
3125 0.0213
3126 0.0956
3127 0.0034
3128 0.0157
3129 0.0101
3130 0.0439
3131 0.0001
3132 0.0013
3133 0.0197
3134 0.0543
3135 0.0054
3136 0.0665
3137 0.0468
3138 0.0055
3139 0.0915
3140 0.0080
3141 0.0066
3142 0.0095
3143 0.0078
3144 0.0222
3145 0.0578
3146 0.0063
3147 0.0022
3148 0.0000
3149 0.0358
3150 0.0033
3151 0.0229
3152 0.0010
3153 0.0262
3154 0.0280
3155 0.0198
3156 0.0082
3157 0.0136
3158 0.0021
3159 0.0025
3160 0.0560
3161 0.0366
3162 0.0467
3163 0.0116
3164 0.0209
3165 0.0379
3166 0.0039
3167 0.0014
3168 0.0067
3169 0.0224
3170 0.0005
3171 0.0073
3172 0.0010
3173 0.0064
3174 0.0645
3175 0.0021
3176 0.0744
3177 0.0188
3178 0.0278
3179 0.0083
3180 0.0022
3181 0.0728
3182 0.0689
3183 0.0430
3184 0.0005
3185 0.0004
3186 0.0347
3187 0.0384
3188 0.0043
3189 0.0428
3190 0.0048
3191 0.0053
3192 0.0160
3193 0.1074
3194 0.0575
3195 0.0277
3196 0.0000
3197 0.0182
3198 0.0001
3199 0.0027
3200 0.0105
3201 0.0286
3202 0.0068
3203 0.0048
3204 0.1253
3205 0.0201
3206 0.0456
3207 0.0020
3208 0.0145
3209 0.0343
3210 0.0576
3211 0.0227
3212 0.0674
3213 0.0467
3214 0.0152
3215 0.0032
3216 0.0024
3217 0.0009
3218 0.0017
3219 0.0517
3220 0.0341
3221 0.0011
3222 0.0090
3223 0.0120
3224 0.0100
3225 0.0046
3226 0.0028
3227 0.0423
3228 0.0040
3229 0.0026
3230 0.0141
3231 0.0748
3232 0.0840
3233 0.0544
3234 0.0182
3235 0.0226
3236 0.0003
3237 0.0003
3238 0.0353
3239 0.0260
3240 0.0171
3241 0.1119
3242 0.0076
3243 0.0410
3244 0.0203
3245 0.0522
3246 0.0027
3247 0.0441
3248 0.0031
3249 0.0097
3250 0.0231
3251 0.0003
3252 0.0014
3253 0.0503
3254 0.0072
3255 0.0307
3256 0.0086
3257 0.0004
3258 0.0625
3259 0.0041
3260 0.0234
3261 0.0471
3262 0.0045
3263 0.0455
3264 0.0279
3265 0.0135
3266 0.0352
3267 0.0002
3268 0.0118
3269 0.0017
3270 0.0160
3271 0.0300
3272 0.0146
3273 0.0189
3274 0.2034
3275 0.0001
3276 0.0070
3277 0.0148
3278 0.0193
3279 0.0247
3280 0.0001
3281 0.0191
3282 0.0003
3283 0.0079
3284 0.0016
3285 0.0053
3286 0.0051
3287 0.1201
3288 0.0079
3289 0.0051
3290 0.0073
3291 0.0733
3292 0.0109
3293 0.0983
3294 0.0214
3295 0.0291
3296 0.0002
3297 0.0017
3298 0.0074
3299 0.0079
3300 0.0448
3301 0.0337
3302 0.0478
3303 0.0117
3304 0.0082
3305 0.0001
3306 0.1019
3307 0.0718
3308 0.0390
3309 0.0005
3310 0.0007
3311 0.0976
3312 0.0997
3313 0.0228
3314 0.0169
3315 0.0640
3316 0.0157
3317 0.0635
3318 0.0067
3319 0.0055
3320 0.0018
3321 0.0060
3322 0.0368
3323 0.0068
3324 0.0358
3325 0.0879
3326 0.0405
3327 0.0447
3328 0.0118
3329 0.0170
3330 0.0255
3331 0.0083
3332 0.0042
3333 0.0046
3334 0.0421
3335 0.0317
3336 0.0044
3337 0.0021
3338 0.0213
3339 0.0207
3340 0.0054
3341 0.0309
3342 0.0045
3343 0.0018
3344 0.0057
3345 0.0025
3346 0.0103
3347 0.0886
3348 0.0340
3349 0.0669
3350 0.0401
3351 0.0138
3352 0.0066
3353 0.0004
3354 0.0089
3355 0.0541
3356 0.0071
3357 0.0818
3358 0.0018
3359 0.0583
3360 0.0235
3361 0.0032
3362 0.0483
3363 0.0008
3364 0.0368
3365 0.0043
3366 0.0242
3367 0.0016
3368 0.0230
3369 0.0287
3370 0.0626
3371 0.0560
3372 0.0981
3373 0.0113
3374 0.0110
3375 0.0011
3376 0.0352
3377 0.0032
3378 0.0081
3379 0.0227
3380 0.0001
3381 0.0153
3382 0.1818
3383 0.0393
3384 0.0004
3385 0.0006
3386 0.0021
3387 0.0103
3388 0.0009
3389 0.0088
3390 0.0100
3391 0.0002
3392 0.0007
3393 0.0548
3394 0.0140
3395 0.0192
3396 0.0069
3397 0.0061
3398 0.0030
3399 0.0515
3400 0.0016
3401 0.0036
3402 0.0094
3403 0.0044
3404 0.0236
3405 0.0262
3406 0.0033
3407 0.0622
3408 0.0425
3409 0.0054
3410 0.0038
3411 0.0029
3412 0.0127
3413 0.0132
3414 0.0228
3415 0.0720
3416 0.0267
3417 0.0001
3418 0.0014
3419 0.0029
3420 0.0009
3421 0.0047
3422 0.2314
3423 0.0094
3424 0.1149
3425 0.0149
3426 0.0011
3427 0.0005
3428 0.0678
3429 0.0002
3430 0.0174
3431 0.0121
3432 0.0007
3433 0.0403
3434 0.0004
3435 0.0489
3436 0.0348
3437 0.0488
3438 0.0022
3439 0.0486
3440 0.1723
3441 0.0571
3442 0.2423
3443 0.0191
3444 0.0223
3445 0.0220
3446 0.0094
3447 0.0721
3448 0.1348
3449 0.0643
3450 0.0016
3451 0.0088
3452 0.0185
3453 0.0168
3454 0.0885
3455 0.0227
3456 0.0213
3457 0.0016
3458 0.0254
3459 0.0054
3460 0.0064
3461 0.0171
3462 0.0007
3463 0.0122
3464 0.0176
3465 0.1169
3466 0.0288
3467 0.0240
3468 0.0484
3469 0.0000
3470 0.0442
3471 0.0014
3472 0.0034
3473 0.0277
3474 0.0187
3475 0.1094
3476 0.0700
3477 0.0080
3478 0.0109
3479 0.0011
3480 0.0052
3481 0.0766
3482 0.0650
3483 0.0039
3484 0.0313
3485 0.0348
3486 0.0041
3487 0.0191
3488 0.0140
3489 0.0024
3490 0.0150
3491 0.0068
3492 0.0160
3493 0.0004
3494 0.0279
3495 0.0063
3496 0.0007
3497 0.0004
3498 0.0097
3499 0.0021
3500 0.0041
3501 0.0041
3502 0.0076
3503 0.0127
3504 0.0523
3505 0.0052
3506 0.0432
3507 0.0191
3508 0.0435
3509 0.0006
3510 0.0008
3511 0.0050
3512 0.0219
3513 0.0058
3514 0.0002
3515 0.0386
3516 0.1317
3517 0.0113
3518 0.0852
3519 0.0176
3520 0.0020
3521 0.0147
3522 0.0038
3523 0.0601
3524 0.0292
3525 0.0180
3526 0.0063
3527 0.0069
3528 0.0288
3529 0.0159
3530 0.0090
3531 0.0181
3532 0.0191
3533 0.0023
3534 0.0618
3535 0.0057
3536 0.1026
3537 0.0643
3538 0.0051
3539 0.0562
3540 0.0051
3541 0.0094
3542 0.0646
3543 0.0447
3544 0.0125
3545 0.0045
3546 0.0016
3547 0.1010
3548 0.0749
3549 0.0066
3550 0.0185
3551 0.0914
3552 0.0066
3553 0.0524
3554 0.0281
3555 0.0048
3556 0.0323
3557 0.0010
3558 0.0081
3559 0.0669
3560 0.0039
3561 0.0019
3562 0.0104
3563 0.0015
3564 0.0307
3565 0.0125
3566 0.0373
3567 0.0069
3568 0.0112
3569 0.0009
3570 0.0280
3571 0.0166
3572 0.0016
3573 0.0271
3574 0.0146
3575 0.2221
3576 0.0131
3577 0.0659
3578 0.0468
3579 0.0042
3580 0.0222
3581 0.0181
3582 0.0218
3583 0.0143
3584 0.0057
3585 0.0295
3586 0.0094
3587 0.0183
3588 0.0097
3589 0.0123
3590 0.0065
3591 0.0019
3592 0.0095
3593 0.0505
3594 0.0168
3595 0.0009
3596 0.0070
3597 0.0007
3598 0.0441
3599 0.0452
3600 0.0963
3601 0.0933
3602 0.0009
3603 0.0361
3604 0.0060
3605 0.0781
3606 0.0013
3607 0.0098
3608 0.0075
3609 0.0458
3610 0.0251
3611 0.0036
3612 0.0522
3613 0.0368
3614 0.0223
3615 0.0334
3616 0.0633
3617 0.0574
3618 0.0098
3619 0.0037
3620 0.0144
3621 0.0568
3622 0.0022
3623 0.0025
3624 0.0314
3625 0.0203
3626 0.0562
3627 0.0442
3628 0.0453
3629 0.0347
3630 0.0077
3631 0.0636
3632 0.0024
3633 0.0116
3634 0.0384
3635 0.0305
3636 0.0202
3637 0.0286
3638 0.0071
3639 0.0676
3640 0.0105
3641 0.0129
3642 0.0233
3643 0.0292
3644 0.0094
3645 0.0458
3646 0.0381
3647 0.0290
3648 0.0323
3649 0.0035
3650 0.0145
3651 0.0056
3652 0.0292
3653 0.0142
3654 0.0055
3655 0.0046
3656 0.0057
3657 0.0613
3658 0.0499
3659 0.0031
3660 0.0326
3661 0.0116
3662 0.0029
3663 0.0701
3664 0.0459
3665 0.0001
3666 0.0009
3667 0.0824
3668 0.0126
3669 0.0213
3670 0.0177
3671 0.0408
3672 0.0115
3673 0.0784
3674 0.0961
3675 0.0709
3676 0.0314
3677 0.0936
3678 0.1073
3679 0.0268
3680 0.0209
3681 0.0093
3682 0.0572
3683 0.0386
3684 0.0040
3685 0.0375
3686 0.0153
3687 0.0374
3688 0.1013
3689 0.0665
3690 0.1434
3691 0.0341
3692 0.0174
3693 0.0460
3694 0.0299
3695 0.0002
3696 0.0008
3697 0.0849
3698 0.0291
3699 0.0040
3700 0.0390
3701 0.0004
3702 0.0288
3703 0.0011
3704 0.0583
3705 0.0483
3706 0.0285
3707 0.0064
3708 0.0832
3709 0.0201
3710 0.0031
3711 0.0416
3712 0.0008
3713 0.0562
3714 0.0032
3715 0.0154
3716 0.0134
3717 0.0198
3718 0.0325
3719 0.0649
3720 0.0482
3721 0.0003
3722 0.0120
3723 0.0079
3724 0.0112
3725 0.0723
3726 0.0003
3727 0.0136
3728 0.0710
3729 0.0347
3730 0.0111
3731 0.0516
3732 0.0238
3733 0.0311
3734 0.0352
3735 0.1026
3736 0.0033
3737 0.0004
3738 0.0039
3739 0.0115
3740 0.0472
3741 0.0018
3742 0.0043
3743 0.0269
3744 0.0179
3745 0.0031
3746 0.0009
3747 0.0006
3748 0.0110
3749 0.0013
3750 0.0051
3751 0.0150
3752 0.0295
3753 0.0265
3754 0.0209
3755 0.0936
3756 0.0143
3757 0.0735
3758 0.0062
3759 0.0470
3760 0.0082
3761 0.0159
3762 0.0064
3763 0.0011
3764 0.0446
3765 0.0283
3766 0.0141
3767 0.0078
3768 0.0162
3769 0.0071
3770 0.0203
3771 0.0084
3772 0.0015
3773 0.1100
3774 0.0063
3775 0.0041
3776 0.0138
3777 0.0882
3778 0.0005
3779 0.0154
3780 0.0494
3781 0.0798
3782 0.0010
3783 0.0373
3784 0.0151
3785 0.0044
3786 0.0491
3787 0.0004
3788 0.0217
3789 0.0071
3790 0.0213
3791 0.0263
3792 0.0564
3793 0.0510
3794 0.0007
3795 0.0004
3796 0.0056
3797 0.0370
3798 0.0406
3799 0.0003
3800 0.0026
3801 0.0196
3802 0.0046
3803 0.0000
3804 0.0040
3805 0.0018
3806 0.2363
3807 0.0416
3808 0.0288
3809 0.0019
3810 0.0269
3811 0.0347
3812 0.0206
3813 0.0895
3814 0.0363
3815 0.1124
3816 0.2536
3817 0.0000
3818 0.0079
3819 0.0235
3820 0.0411
3821 0.0024
3822 0.0315
3823 0.0518
3824 0.0093
3825 0.0010
3826 0.0251
3827 0.0607
3828 0.0200
3829 0.0754
3830 0.0438
3831 0.0137
3832 0.0032
3833 0.0127
3834 0.0096
3835 0.0038
3836 0.0152
3837 0.0004
3838 0.0209
3839 0.0019
3840 0.0308
3841 0.0031
3842 0.0435
3843 0.0014
3844 0.0003
3845 0.0464
3846 0.0006
3847 0.0022
3848 0.0044
3849 0.0394
3850 0.0342
3851 0.0162
3852 0.0654
3853 0.1098
3854 0.0330
3855 0.0110
3856 0.0594
3857 0.0380
3858 0.0059
3859 0.0012
3860 0.0147
3861 0.0094
3862 0.0693
3863 0.0085
3864 0.0016
3865 0.0092
3866 0.0452
3867 0.0086
3868 0.0070
3869 0.0198
3870 0.0232
3871 0.0587
3872 0.0736
3873 0.0262
3874 0.0584
3875 0.0242
3876 0.0140
3877 0.0025
3878 0.0167
3879 0.0168
3880 0.0102
3881 0.0079
3882 0.0188
3883 0.0071
3884 0.0045
3885 0.1005
3886 0.0471
3887 0.0001
3888 0.0169
3889 0.0167
3890 0.0018
3891 0.0423
3892 0.0034
3893 0.0381
3894 0.0001
3895 0.0054
3896 0.0242
3897 0.0216
3898 0.0326
3899 0.0068
3900 0.0521
3901 0.0001
3902 0.0332
3903 0.0366
3904 0.0123
3905 0.0479
3906 0.0068
3907 0.0052
3908 0.0231
3909 0.0072
3910 0.0084
3911 0.0031
3912 0.0173
3913 0.1021
3914 0.0058
3915 0.0029
3916 0.1346
3917 0.0060
3918 0.0353
3919 0.0120
3920 0.0114
3921 0.0294
3922 0.0022
3923 0.0019
3924 0.2446
3925 0.0302
3926 0.0168
3927 0.1480
3928 0.0216
3929 0.0501
3930 0.0545
3931 0.0022
3932 0.0009
3933 0.0437
3934 0.0624
3935 0.0472
3936 0.0025
3937 0.0378
3938 0.0328
3939 0.0310
3940 0.0001
3941 0.0097
3942 0.0061
3943 0.0164
3944 0.0586
3945 0.0183
3946 0.0643
3947 0.0018
3948 0.0773
3949 0.0140
3950 0.0229
3951 0.0006
3952 0.0452
3953 0.0343
3954 0.0012
3955 0.0012
3956 0.0016
3957 0.0556
3958 0.0001
3959 0.0202
3960 0.0143
3961 0.0334
3962 0.0001
3963 0.0568
3964 0.0125
3965 0.0011
3966 0.0060
3967 0.0064
3968 0.0797
3969 0.0272
3970 0.0002
3971 0.0354
3972 0.0002
3973 0.0493
3974 0.0106
3975 0.0244
3976 0.0152
3977 0.0330
3978 0.0039
3979 0.0211
3980 0.0184
3981 0.0128
3982 0.0227
3983 0.0021
3984 0.0245
3985 0.0073
3986 0.0013
3987 0.0001
3988 0.0020
3989 0.0030
3990 0.0149
3991 0.0672
3992 0.0080
3993 0.0141
3994 0.0018
3995 0.0400
3996 0.0176
3997 0.0011
3998 0.0004
3999 0.0031
4000 0.0002
4001 0.0230
4002 0.0166
4003 0.0029
4004 0.0229
4005 0.0935
4006 0.0634
4007 0.0214
4008 0.0013
4009 0.0107
4010 0.0490
4011 0.0137
4012 0.0008
4013 0.0282
4014 0.1246
4015 0.0070
4016 0.0003
4017 0.0060
4018 0.0284
4019 0.0094
4020 0.0232
4021 0.1004
4022 0.0000
4023 0.0070
4024 0.0006
4025 0.0032
4026 0.0073
4027 0.1154
4028 0.0040
4029 0.0007
4030 0.0003
4031 0.0001
4032 0.0913
4033 0.0017
4034 0.0242
4035 0.0133
4036 0.0036
4037 0.0132
4038 0.0136
4039 0.0188
4040 0.0281
4041 0.0363
4042 0.0400
4043 0.0661
4044 0.0007
4045 0.0124
4046 0.1836
4047 0.0449
4048 0.0145
4049 0.0124
4050 0.0260
4051 0.0492
4052 0.0171
4053 0.0005
4054 0.0408
4055 0.0430
4056 0.0347
4057 0.0852
4058 0.0273
4059 0.0382
4060 0.0250
4061 0.0015
4062 0.0007
4063 0.0111
4064 0.0020
4065 0.0139
4066 0.0327
4067 0.0004
4068 0.0368
4069 0.0187
4070 0.0073
4071 0.1237
4072 0.0033
4073 0.0234
4074 0.0155
4075 0.0064
4076 0.0404
4077 0.0078
4078 0.0425
4079 0.0565
4080 0.0451
4081 0.0032
4082 0.0021
4083 0.0144
4084 0.0186
4085 0.0272
4086 0.0483
4087 0.0000
4088 0.0059
4089 0.0360
4090 0.0871
4091 0.0332
4092 0.0223
4093 0.0007
4094 0.0072
4095 0.0066
4096 0.0869
4097 0.0562
4098 0.0385
4099 0.0195
4100 0.0343
4101 0.0095
4102 0.0162
4103 0.0223
4104 0.0235
4105 0.0038
4106 0.0015
4107 0.0289
4108 0.0067
4109 0.0186
4110 0.0062
4111 0.0369
4112 0.0459
4113 0.0385
4114 0.0184
4115 0.0282
4116 0.0001
4117 0.1262
4118 0.0026
4119 0.0628
4120 0.0089
4121 0.0018
4122 0.0212
4123 0.0652
4124 0.0084
4125 0.0187
4126 0.0009
4127 0.0004
4128 0.0193
4129 0.0302
4130 0.0045
4131 0.0274
4132 0.0711
4133 0.0004
4134 0.0249
4135 0.0048
4136 0.0009
4137 0.0117
4138 0.0648
4139 0.0100
4140 0.0429
4141 0.0316
4142 0.0364
4143 0.1236
4144 0.0024
4145 0.0064
4146 0.0081
4147 0.0001
4148 0.0262
4149 0.0109
4150 0.0029
4151 0.0440
4152 0.0152
4153 0.0180
4154 0.0548
4155 0.0589
4156 0.0001
4157 0.0242
4158 0.0324
4159 0.0343
4160 0.0046
4161 0.0023
4162 0.0146
4163 0.0000
4164 0.0049
4165 0.0419
4166 0.0017
4167 0.0009
4168 0.0266
4169 0.0172
4170 0.0028
4171 0.0037
4172 0.0042
4173 0.0184
4174 0.0158
4175 0.0123
4176 0.0106
4177 0.0073
4178 0.0058
4179 0.0077
4180 0.0078
4181 0.0613
4182 0.0021
4183 0.0025
4184 0.0013
4185 0.0177
4186 0.0575
4187 0.0031
4188 0.0022
4189 0.0073
4190 0.0191
4191 0.0243
4192 0.0277
4193 0.0484
4194 0.0148
4195 0.0018
4196 0.0018
4197 0.0473
4198 0.0059
4199 0.0468
4200 0.0548
4201 0.0101
4202 0.0055
4203 0.0575
4204 0.0227
4205 0.1234
4206 0.0159
4207 0.0098
4208 0.0173
4209 0.0005
4210 0.0021
4211 0.0286
4212 0.0161
4213 0.0342
4214 0.0063
4215 0.0001
4216 0.0197
4217 0.0212
4218 0.0018
4219 0.0016
4220 0.0030
4221 0.0649
4222 0.0031
4223 0.0127
4224 0.0261
4225 0.0043
4226 0.0536
4227 0.0016
4228 0.0100
4229 0.0020
4230 0.0138
4231 0.0394
4232 0.0186
4233 0.0130
4234 0.0008
4235 0.0140
4236 0.3774
4237 0.0055
4238 0.0066
4239 0.0175
4240 0.0002
4241 0.0082
4242 0.0525
4243 0.0050
4244 0.0693
4245 0.0002
4246 0.0420
4247 0.0228
4248 0.0038
4249 0.0150
4250 0.0193
4251 0.0378
4252 0.0068
4253 0.0104
4254 0.0170
4255 0.0003
4256 0.0791
4257 0.0010
4258 0.0177
4259 0.0183
4260 0.0053
4261 0.0111
4262 0.0291
4263 0.0341
4264 0.0485
4265 0.0500
4266 0.0088
4267 0.0440
4268 0.0986
4269 0.0013
4270 0.1660
4271 0.0139
4272 0.0163
4273 0.0008
4274 0.0264
4275 0.0353
4276 0.0584
4277 0.0032
4278 0.0059
4279 0.0003
4280 0.0239
4281 0.0077
4282 0.0262
4283 0.0005
4284 0.0403
4285 0.0230
4286 0.0029
4287 0.0427
4288 0.0040
4289 0.0037
4290 0.0518
4291 0.0061
4292 0.0153
4293 0.0350
4294 0.0010
4295 0.0460
4296 0.0269
4297 0.0072
4298 0.0288
4299 0.0600
4300 0.0126
4301 0.0297
4302 0.0000
4303 0.0140
4304 0.0622
4305 0.0001
4306 0.0009
4307 0.0004
4308 0.0780
4309 0.0007
4310 0.0225
4311 0.0210
4312 0.0050
4313 0.0527
4314 0.0083
4315 0.0155
4316 0.0385
4317 0.0237
4318 0.0212
4319 0.0917
4320 0.0025
4321 0.0346
4322 0.0562
4323 0.0009
4324 0.0166
4325 0.0002
4326 0.0004
4327 0.0008
4328 0.0810
4329 0.0100
4330 0.0002
4331 0.0066
4332 0.0011
4333 0.1271
4334 0.0491
4335 0.0050
4336 0.0276
4337 0.0022
4338 0.0002
4339 0.0164
4340 0.0113
4341 0.0348
4342 0.0144
4343 0.1328
4344 0.0113
4345 0.0026
4346 0.0002
4347 0.0002
4348 0.0040
4349 0.0043
4350 0.0441
4351 0.1491
4352 0.0427
4353 0.0364
4354 0.0956
4355 0.0070
4356 0.0064
4357 0.0080
4358 0.0151
4359 0.0181
4360 0.0100
4361 0.0146
4362 0.0283
4363 0.0146
4364 0.0049
4365 0.0534
4366 0.0275
4367 0.0164
4368 0.2130
4369 0.0116
4370 0.0771
4371 0.0527
4372 0.0069
4373 0.0141
4374 0.0006
4375 0.0039
4376 0.0073
4377 0.0988
4378 0.0066
4379 0.0049
4380 0.0076
4381 0.0010
4382 0.0506
4383 0.0446
4384 0.0086
4385 0.0097
4386 0.0017
4387 0.0036
4388 0.0067
4389 0.0289
4390 0.0341
4391 0.0897
4392 0.0080
4393 0.0211
4394 0.0417
4395 0.0985
4396 0.0177
4397 0.0464
4398 0.0133
4399 0.0222
4400 0.0251
4401 0.0004
4402 0.0031
4403 0.0436
4404 0.0134
4405 0.0376
4406 0.0071
4407 0.1061
4408 0.0010
4409 0.0086
4410 0.0346
4411 0.0554
4412 0.0119
4413 0.0107
4414 0.0708
4415 0.0067
4416 0.0299
4417 0.0894
4418 0.0022
4419 0.0201
4420 0.0051
4421 0.0709
4422 0.0336
4423 0.0655
4424 0.0260
4425 0.0198
4426 0.0008
4427 0.0066
4428 0.0307
4429 0.0027
4430 0.0091
4431 0.0128
4432 0.0689
4433 0.1066
4434 0.0038
4435 0.0209
4436 0.0014
4437 0.0056
4438 0.0454
4439 0.0086
4440 0.0017
4441 0.0356
4442 0.0001
4443 0.0370
4444 0.0172
4445 0.0235
4446 0.0103
4447 0.0017
4448 0.0091
4449 0.0117
4450 0.0006
4451 0.0122
4452 0.0287
4453 0.0019
4454 0.0327
4455 0.0111
4456 0.0100
4457 0.0016
4458 0.0020
4459 0.0141
4460 0.0014
4461 0.0037
4462 0.0304
4463 0.0046
4464 0.0064
4465 0.0239
4466 0.0038
4467 0.0068
4468 0.0382
4469 0.0125
4470 0.0003
4471 0.0254
4472 0.0058
4473 0.0076
4474 0.0210
4475 0.0670
4476 0.0004
4477 0.0015
4478 0.0068
4479 0.0137
4480 0.0055
4481 0.0174
4482 0.0149
4483 0.0012
4484 0.0105
4485 0.0420
4486 0.0522
4487 0.0002
4488 0.0167
4489 0.0001
4490 0.0676
4491 0.0107
4492 0.0288
4493 0.0791
4494 0.0107
4495 0.0369
4496 0.0161
4497 0.0001
4498 0.0011
4499 0.0029
4500 0.0007
4501 0.0367
4502 0.0053
4503 0.0096
4504 0.0148
4505 0.0172
4506 0.0142
4507 0.1048
4508 0.0012
4509 0.0034
4510 0.0074
4511 0.0080
4512 0.0105
4513 0.0003
4514 0.0468
4515 0.1248
4516 0.0060
4517 0.0547
4518 0.0033
4519 0.0038
4520 0.0004
4521 0.0481
4522 0.0182
4523 0.0258
4524 0.0007
4525 0.0000
4526 0.0011
4527 0.0026
4528 0.0186
4529 0.0339
4530 0.0065
4531 0.0309
4532 0.0158
4533 0.0165
4534 0.0745
4535 0.0409
4536 0.0331
4537 0.0038
4538 0.0103
4539 0.0204
4540 0.0057
4541 0.0348
4542 0.0016
4543 0.0000
4544 0.0209
4545 0.0058
4546 0.0064
4547 0.0200
4548 0.0131
4549 0.0004
4550 0.0016
4551 0.0397
4552 0.0011
4553 0.0253
4554 0.0091
4555 0.0006
4556 0.0008
4557 0.0048
4558 0.0008
4559 0.0019
4560 0.1194
4561 0.0385
4562 0.0133
4563 0.0003
4564 0.0012
4565 0.0972
4566 0.0101
4567 0.0145
4568 0.0438
4569 0.0156
4570 0.0198
4571 0.0142
4572 0.0431
4573 0.0091
4574 0.0376
4575 0.0042
4576 0.0000
4577 0.0142
4578 0.0009
4579 0.0004
4580 0.0375
4581 0.0226
4582 0.0203
4583 0.0045
4584 0.0058
4585 0.0029
4586 0.0760
4587 0.0034
4588 0.0093
4589 0.0264
4590 0.0005
4591 0.0008
4592 0.0322
4593 0.0081
4594 0.0005
4595 0.0303
4596 0.0213
4597 0.0194
4598 0.0156
4599 0.0009
4600 0.4202
4601 0.0002
4602 0.0007
4603 0.1235
4604 0.0027
4605 0.0069
4606 0.0064
4607 0.0011
4608 0.0338
4609 0.0092
4610 0.0194
4611 0.0019
4612 0.0000
4613 0.0001
4614 0.0086
4615 0.0004
4616 0.0019
4617 0.0057
4618 0.0103
4619 0.0064
4620 0.0260
4621 0.0046
4622 0.0230
4623 0.0087
4624 0.0170
4625 0.0244
4626 0.0116
4627 0.0071
4628 0.0008
4629 0.0079
4630 0.0066
4631 0.0092
4632 0.0186
4633 0.0348
4634 0.0276
4635 0.0124
4636 0.0145
4637 0.0007
4638 0.0022
4639 0.0101
4640 0.0290
4641 0.0144
4642 0.0254
4643 0.0144
4644 0.0022
4645 0.0000
4646 0.0011
4647 0.0173
4648 0.0007
4649 0.0051
4650 0.0345
4651 0.0660
4652 0.0000
4653 0.0136
4654 0.0005
4655 0.0219
4656 0.1241
4657 0.0115
4658 0.0295
4659 0.0645
4660 0.0021
4661 0.0003
4662 0.0031
4663 0.0257
4664 0.0056
4665 0.0338
4666 0.0336
4667 0.0097
4668 0.0196
4669 0.0320
4670 0.0117
4671 0.0322
4672 0.0165
4673 0.0220
4674 0.0062
4675 0.0000
4676 0.0127
4677 0.0469
4678 0.0313
4679 0.0392
4680 0.0002
4681 0.0077
4682 0.1853
4683 0.0233
4684 0.0226
4685 0.0004
4686 0.0070
4687 0.0820
4688 0.0711
4689 0.0513
4690 0.0007
4691 0.0033
4692 0.0009
4693 0.0015
4694 0.0313
4695 0.0012
4696 0.0115
4697 0.0315
4698 0.0066
4699 0.0582
4700 0.0016
4701 0.0004
4702 0.0002
4703 0.0061
4704 0.0001
4705 0.0124
4706 0.0193
4707 0.0079
4708 0.0049
4709 0.0144
4710 0.0363
4711 0.0491
4712 0.0034
4713 0.0328
4714 0.1028
4715 0.0207
4716 0.0008
4717 0.0054
4718 0.0104
4719 0.0025
4720 0.0643
4721 0.0294
4722 0.0294
4723 0.0321
4724 0.0862
4725 0.0466
4726 0.0179
4727 0.0061
4728 0.0083
4729 0.0037
4730 0.1235
4731 0.0052
4732 0.0191
4733 0.0876
4734 0.0383
4735 0.0058
4736 0.0520
4737 0.0003
4738 0.0095
4739 0.0050
4740 0.0074
4741 0.0065
4742 0.0590
4743 0.0099
4744 0.0203
4745 0.0235
4746 0.0140
4747 0.0222
4748 0.0307
4749 0.0422
4750 0.0012
4751 0.0005
4752 0.0048
4753 0.0050
4754 0.0190
4755 0.0224
4756 0.0410
4757 0.0854
4758 0.0040
4759 0.0457
4760 0.0104
4761 0.0021
4762 0.0465
4763 0.0113
4764 0.0063
4765 0.0064
4766 0.0065
4767 0.0033
4768 0.0420
4769 0.0267
4770 0.0419
4771 0.0236
4772 0.0004
4773 0.0440
4774 0.0122
4775 0.0276
4776 0.0030
4777 0.0134
4778 0.0074
4779 0.0252
4780 0.0199
4781 0.0121
4782 0.0058
4783 0.0001
4784 0.0258
4785 0.0060
4786 0.0003
4787 0.0080
4788 0.0184
4789 0.0043
4790 0.0343
4791 0.1551
4792 0.0100
4793 0.0249
4794 0.0087
4795 0.0376
4796 0.1030
4797 0.0335
4798 0.0225
4799 0.0023
4800 0.0077
4801 0.0372
4802 0.0141
4803 0.0025
4804 0.0021
4805 0.0416
4806 0.0077
4807 0.0170
4808 0.0003
4809 0.0009
4810 0.0120
4811 0.0045
4812 0.0259
4813 0.0054
4814 0.0426
4815 0.0080
4816 0.0391
4817 0.0090
4818 0.0001
4819 0.0417
4820 0.0031
4821 0.0033
4822 0.0542
4823 0.0219
4824 0.0842
4825 0.0022
4826 0.0734
4827 0.0012
4828 0.0002
4829 0.0089
4830 0.0003
4831 0.0065
4832 0.0507
4833 0.0042
4834 0.0183
4835 0.0075
4836 0.0440
4837 0.0299
4838 0.0734
4839 0.0268
4840 0.2183
4841 0.0006
4842 0.0001
4843 0.0444
4844 0.0010
4845 0.0279
4846 0.0238
4847 0.0006
4848 0.0072
4849 0.0353
4850 0.0194
4851 0.0011
4852 0.0001
4853 0.0014
4854 0.1071
4855 0.0033
4856 0.0421
4857 0.0006
4858 0.0315
4859 0.0104
4860 0.0726
4861 0.0244
4862 0.0155
4863 0.0151
4864 0.0193
4865 0.1284
4866 0.0009
4867 0.0009
4868 0.0010
4869 0.0415
4870 0.0070
4871 0.0393
4872 0.0416
4873 0.0226
4874 0.0379
4875 0.0425
4876 0.0091
4877 0.0011
4878 0.0003
4879 0.0020
4880 0.0103
4881 0.0161
4882 0.0006
4883 0.0391
4884 0.0540
4885 0.0096
4886 0.0004
4887 0.0277
4888 0.0081
4889 0.0795
4890 0.0434
4891 0.0091
4892 0.0029
4893 0.0090
4894 0.0071
4895 0.0043
4896 0.0185
4897 0.0370
4898 0.0109
4899 0.0001
4900 0.0110
4901 0.0009
4902 0.0390
4903 0.0877
4904 0.0038
4905 0.0007
4906 0.0023
4907 0.0001
4908 0.0011
4909 0.0016
4910 0.0410
4911 0.0009
4912 0.0220
4913 0.0064
4914 0.0210
4915 0.0003
4916 0.0008
4917 0.0007
4918 0.0076
4919 0.0050
4920 0.0002
4921 0.0056
4922 0.0223
4923 0.0537
4924 0.0050
4925 0.0120
4926 0.0443
4927 0.0458
4928 0.0247
4929 0.0091
4930 0.0529
4931 0.0101
4932 0.0043
4933 0.0318
4934 0.0001
4935 0.0267
4936 0.0696
4937 0.0011
4938 0.0951
4939 0.0079
4940 0.0067
4941 0.0047
4942 0.0517
4943 0.3328
4944 0.0059
4945 0.0741
4946 0.0019
4947 0.0665
4948 0.0014
4949 0.0103
4950 0.0014
4951 0.0732
4952 0.0183
4953 0.0171
4954 0.0252
4955 0.0007
4956 0.0048
4957 0.0077
4958 0.0129
4959 0.0183
4960 0.0005
4961 0.0064
4962 0.0475
4963 0.0555
4964 0.0115
4965 0.0023
4966 0.0223
4967 0.0059
4968 0.0197
4969 0.0234
4970 0.0150
4971 0.0363
4972 0.0256
4973 0.0217
4974 0.0851
4975 0.0012
4976 0.0175
4977 0.0105
4978 0.0057
4979 0.0528
4980 0.0836
4981 0.0393
4982 0.0094
4983 0.0056
4984 0.0209
4985 0.0139
4986 0.0008
4987 0.1176
4988 0.0438
4989 0.0013
4990 0.0002
4991 0.0181
4992 0.0055
4993 0.0024
4994 0.0014
4995 0.0027
4996 0.0006
4997 0.0004
4998 0.0548
4999 0.0496
5000 0.0021
