1 1.3906
2 1.2278
3 1.2917
4 1.2408
5 1.1047
6 1.1046
7 1.0509
8 1.1547
9 1.1777
10 1.2377
11 1.0366
12 0.9394
13 0.9951
14 1.0170
15 1.2298
16 1.1593
17 1.0802
18 0.9659
19 1.1110
20 1.1299
21 0.9442
22 1.0799
23 1.0957
24 0.8335
25 1.1170
26 1.0049
27 0.9848
28 0.9380
29 1.0162
30 1.0874
31 1.0926
32 1.1791
33 1.0942
34 1.1850
35 1.0228
36 0.9594
37 0.8255
38 0.9431
39 1.1398
40 1.0196
41 0.9933
42 0.9234
43 1.1629
44 1.2079
45 1.0696
46 0.9229
47 0.9178
48 1.0994
49 1.0139
50 0.9747
51 0.9674
52 0.9542
53 0.8992
54 0.9318
55 1.0249
56 0.9948
57 1.0403
58 0.9207
59 0.9170
60 0.9679
61 0.8665
62 1.0513
63 0.7695
64 1.0764
65 0.9202
66 1.1362
67 0.9115
68 1.2060
69 1.1432
70 0.9345
71 0.8045
72 1.0332
73 1.0635
74 1.0608
75 0.8614
76 1.0242
77 0.9209
78 0.9068
79 0.9820
80 0.9753
81 1.0032
82 0.9463
83 0.9295
84 0.8512
85 0.9146
86 1.0481
87 0.9249
88 0.9367
89 1.0024
90 1.2197
91 0.9501
92 0.7808
93 0.9248
94 0.9852
95 0.8902
96 0.9260
97 0.9195
98 0.6902
99 1.0458
100 0.7904
101 0.8065
102 0.8742
103 1.0019
104 0.8396
105 0.8283
106 0.8465
107 0.7913
108 0.8635
109 0.8248
110 0.7909
111 0.9652
112 0.7716
113 0.8057
114 0.7320
115 1.1726
116 0.8053
117 0.6876
118 0.7786
119 0.8000
120 0.9361
121 0.9556
122 0.9018
123 0.7867
124 0.6426
125 0.8450
126 0.6864
127 0.7321
128 0.8412
129 0.7146
130 0.6886
131 0.7233
132 0.6111
133 0.7258
134 0.8480
135 0.7544
136 0.7040
137 0.6706
138 0.7547
139 0.6756
140 0.7895
141 0.6114
142 0.6701
143 0.6919
144 0.8445
145 0.7490
146 0.6000
147 0.6360
148 0.6497
149 0.7515
150 0.5584
151 0.6627
152 0.6726
153 0.5047
154 0.5350
155 0.6320
156 0.6097
157 0.6910
158 0.5813
159 0.4560
160 0.6386
161 0.7263
162 0.5356
163 0.5259
164 0.5619
165 0.5496
166 0.5527
167 0.6770
168 0.4954
169 0.5796
170 0.4104
171 0.4796
172 0.4179
173 0.4726
174 0.5327
175 0.5949
176 0.5284
177 0.5597
178 0.5511
179 0.6262
180 0.5062
181 0.5499
182 0.4421
183 0.4751
184 0.5391
185 0.6888
186 0.5112
187 0.5672
188 0.5330
189 0.6220
190 0.7778
191 0.4844
192 0.5340
193 0.3526
194 0.4247
195 0.5040
196 0.4348
197 0.3765
198 0.7091
199 0.6103
200 0.4308
201 0.4910
202 0.6885
203 0.3998
204 0.3897
205 0.5160
206 0.3545
207 0.4184
208 0.4551
209 0.5238
210 0.5404
211 0.4712
212 0.4184
213 0.4595
214 0.5238
215 0.6177
216 0.5750
217 0.4188
218 0.5177
219 0.3377
220 0.5998
221 0.5075
222 0.3948
223 0.3447
224 0.4345
225 0.5012
226 0.6800
227 0.2792
228 0.4827
229 0.4836
230 0.3142
231 0.3827
232 0.3484
233 0.3506
234 0.8159
235 0.3117
236 0.4362
237 0.5433
238 0.4445
239 0.4132
240 0.3893
241 0.5581
242 0.4272
243 0.2435
244 0.3618
245 0.5856
246 0.5319
247 0.3165
248 0.3749
249 0.3741
250 0.3584
251 0.4083
252 0.3887
253 0.4282
254 0.5105
255 0.3339
256 0.3883
257 0.4213
258 0.5330
259 0.4621
260 0.4385
261 0.3772
262 0.3342
263 0.3022
264 0.4424
265 0.2087
266 0.2644
267 0.5808
268 0.3924
269 0.5217
270 0.2797
271 0.5008
272 0.4804
273 0.3103
274 0.4283
275 0.4242
276 0.2519
277 0.2460
278 0.5682
279 0.6440
280 0.3673
281 0.5486
282 0.4329
283 0.4891
284 0.3130
285 0.3222
286 0.1880
287 0.3657
288 0.2867
289 0.5696
290 0.4390
291 0.2599
292 0.3376
293 0.3668
294 0.3272
295 0.4770
296 0.5474
297 0.3687
298 0.4391
299 0.3337
300 0.6119
301 0.2774
302 0.2387
303 0.3233
304 0.3422
305 0.5112
306 0.4002
307 0.2972
308 0.3531
309 0.3556
310 0.3968
311 0.3686
312 0.3847
313 0.3109
314 0.4747
315 0.4440
316 0.2789
317 0.4994
318 0.5903
319 0.4746
320 0.2460
321 0.3765
322 0.2251
323 0.2995
324 0.2436
325 0.3005
326 0.4748
327 0.2870
328 0.2427
329 0.2994
330 0.6319
331 0.3080
332 0.3430
333 0.3436
334 0.4261
335 0.2222
336 0.2665
337 0.2841
338 0.2800
339 0.5378
340 0.2905
341 0.3761
342 0.3386
343 0.4202
344 0.2772
345 0.1772
346 0.5961
347 0.3326
348 0.6184
349 0.4366
350 0.2295
351 0.2030
352 0.2720
353 0.5441
354 0.3485
355 0.2611
356 0.3839
357 0.2826
358 0.3345
359 0.3017
360 0.3441
361 0.3552
362 0.3212
363 0.3992
364 0.4334
365 0.2522
366 0.2503
367 0.2995
368 0.2341
369 0.3273
370 0.3118
371 0.3528
372 0.5056
373 0.7123
374 0.2304
375 0.1182
376 0.2654
377 0.3273
378 0.2717
379 0.3406
380 0.1857
381 0.4424
382 0.7073
383 0.4234
384 0.2787
385 0.4570
386 0.1606
387 0.3052
388 0.2010
389 0.2498
390 0.2949
391 0.3093
392 0.2166
393 0.5673
394 0.3661
395 0.2694
396 0.4746
397 0.3890
398 0.3704
399 0.5220
400 0.2487
401 0.4107
402 0.3164
403 0.2321
404 0.3302
405 0.2049
406 0.3391
407 0.2425
408 0.2368
409 0.2714
410 0.1859
411 0.3106
412 0.2262
413 0.3045
414 0.3795
415 0.3260
416 0.2203
417 0.4650
418 0.3601
419 0.2670
420 0.2674
421 0.3005
422 0.5007
423 0.2025
424 0.3124
425 0.2693
426 0.1554
427 0.3358
428 0.2918
429 0.6746
430 0.2388
431 0.2133
432 0.4920
433 0.5128
434 0.2337
435 0.5561
436 0.2689
437 0.4752
438 0.3593
439 0.2918
440 0.2191
441 0.3607
442 0.3030
443 0.2100
444 0.4601
445 0.2734
446 0.4345
447 0.3410
448 0.2096
449 0.2736
450 0.3230
451 0.2744
452 0.3551
453 0.3538
454 0.2518
455 0.2473
456 0.4532
457 0.4244
458 0.3115
459 0.2217
460 0.3325
461 0.4726
462 0.4804
463 0.2822
464 0.2480
465 0.2639
466 0.4722
467 0.4811
468 0.1024
469 0.6519
470 0.2480
471 0.4629
472 0.3112
473 0.2868
474 0.2655
475 0.1534
476 0.2107
477 0.2863
478 0.2948
479 0.2490
480 0.1596
481 0.1622
482 0.1711
483 0.2403
484 0.2553
485 0.1245
486 0.4056
487 0.4964
488 0.3807
489 0.2001
490 0.3008
491 0.4269
492 0.3735
493 0.2621
494 0.1973
495 0.3181
496 0.3898
497 0.2330
498 0.2750
499 0.2540
500 0.2570
501 0.2019
502 0.3099
503 0.2349
504 0.4155
505 0.2128
506 0.4271
507 0.1651
508 0.2293
509 0.4430
510 0.2354
511 0.1722
512 0.3699
513 0.2687
514 0.2221
515 0.2455
516 0.2830
517 0.2185
518 0.2142
519 0.1966
520 0.3122
521 0.4125
522 0.3398
523 1.1303
524 0.2739
525 0.2079
526 0.4287
527 0.4996
528 0.4345
529 0.4746
530 0.2943
531 0.3813
532 0.2673
533 0.4246
534 0.2084
535 0.5066
536 0.4468
537 0.1353
538 0.1905
539 0.1690
540 0.2520
541 0.6118
542 0.3388
543 0.2937
544 0.1851
545 0.3225
546 0.1880
547 0.2956
548 0.3961
549 0.2749
550 0.4203
551 0.2974
552 0.3118
553 0.3134
554 0.3672
555 0.5363
556 0.2088
557 0.3754
558 0.3198
559 0.2508
560 0.2665
561 0.2940
562 0.4138
563 0.1827
564 0.2623
565 0.1539
566 0.2219
567 0.2713
568 0.3026
569 0.2964
570 0.3209
571 0.2482
572 0.2334
573 0.1932
574 0.4136
575 0.3702
576 0.2199
577 0.1379
578 0.5067
579 0.2224
580 0.2337
581 0.2313
582 0.6302
583 0.1863
584 0.2116
585 0.5181
586 0.2594
587 0.1863
588 0.1915
589 0.3337
590 0.2964
591 0.2391
592 0.2123
593 0.3057
594 0.1492
595 0.2031
596 0.1568
597 0.2538
598 0.2305
599 0.1496
600 0.1675
601 0.2607
602 0.1893
603 0.3366
604 0.2422
605 0.2553
606 0.2554
607 0.2852
608 0.2604
609 0.3142
610 0.2357
611 0.3232
612 0.4883
613 0.0734
614 0.2622
615 0.2637
616 0.1873
617 0.2133
618 0.2419
619 0.3787
620 0.1726
621 0.2824
622 0.1883
623 0.0999
624 0.3918
625 0.1947
626 0.1823
627 0.3871
628 0.2716
629 0.3535
630 0.1693
631 0.2322
632 0.5337
633 0.6212
634 0.3477
635 0.0649
636 0.3334
637 0.2787
638 0.3690
639 0.1797
640 0.1479
641 0.1962
642 0.3130
643 0.1903
644 0.6593
645 0.2601
646 0.2815
647 0.4313
648 0.1958
649 0.2517
650 0.3590
651 0.2545
652 0.2246
653 0.1360
654 0.2179
655 0.2793
656 0.2093
657 0.2672
658 0.2154
659 0.2403
660 0.6149
661 0.2225
662 0.2098
663 0.3299
664 0.3398
665 0.1583
666 0.5965
667 0.4517
668 0.1613
669 0.2888
670 0.4666
671 0.1876
672 0.2652
673 0.3354
674 0.2718
675 0.1532
676 0.5147
677 0.3052
678 0.3912
679 0.2363
680 0.2051
681 0.3633
682 0.3029
683 0.1891
684 0.3111
685 0.3997
686 0.2727
687 0.2703
688 0.3915
689 0.1815
690 0.2148
691 0.4140
692 0.1721
693 0.2043
694 0.1804
695 0.2097
696 0.1575
697 0.1698
698 0.3211
699 0.3261
700 0.1200
701 0.5091
702 0.4568
703 0.2574
704 0.1908
705 0.1707
706 0.4619
707 0.2743
708 0.2104
709 0.2847
710 0.2456
711 0.1264
712 0.1972
713 0.1882
714 0.1973
715 0.2776
716 0.1687
717 0.4975
718 0.2802
719 0.2345
720 0.2509
721 0.2309
722 0.3983
723 0.2697
724 0.2613
725 0.3329
726 0.1265
727 0.1963
728 0.2161
729 0.2823
730 0.1449
731 0.3256
732 0.1856
733 0.1494
734 0.2064
735 0.1432
736 0.1947
737 0.2253
738 0.3511
739 0.2311
740 0.3191
741 0.2549
742 0.1183
743 0.2302
744 0.1097
745 0.3092
746 0.2102
747 0.1776
748 0.1183
749 0.2380
750 0.3492
751 0.3849
752 0.4892
753 0.2121
754 0.2068
755 0.4753
756 0.4363
757 0.4518
758 0.2308
759 0.0875
760 0.2602
761 0.2331
762 0.1468
763 0.3850
764 0.4168
765 0.2390
766 0.6621
767 0.1832
768 0.1709
769 0.2470
770 0.2265
771 0.1798
772 0.3084
773 0.3989
774 0.1960
775 0.1709
776 0.2193
777 0.5539
778 0.2953
779 0.1715
780 0.1805
781 0.3600
782 0.2213
783 0.2452
784 0.3612
785 0.3460
786 0.3119
787 0.2018
788 0.2938
789 0.3917
790 0.2553
791 0.3125
792 0.3080
793 0.3016
794 0.2113
795 0.3541
796 0.4315
797 0.2629
798 0.2264
799 0.1458
800 0.2157
801 0.1767
802 0.2922
803 0.2171
804 0.1423
805 0.1358
806 0.2480
807 0.1950
808 0.4855
809 0.3744
810 0.2798
811 0.1293
812 0.1062
813 0.2690
814 0.5445
815 0.1977
816 0.2875
817 0.4353
818 0.3803
819 0.2711
820 0.2383
821 0.2129
822 0.4359
823 0.2958
824 0.4497
825 0.2251
826 0.2351
827 0.2596
828 0.2177
829 0.3229
830 0.1565
831 0.1716
832 0.3124
833 0.1882
834 0.2310
835 0.2093
836 0.1868
837 0.1963
838 0.1958
839 0.2736
840 0.2263
841 0.1637
842 0.2104
843 0.3908
844 0.2146
845 0.1564
846 0.1554
847 0.1799
848 0.2348
849 0.1495
850 0.3592
851 0.2228
852 0.1745
853 0.1260
854 0.2211
855 0.1391
856 0.0825
857 0.1622
858 0.2370
859 0.1017
860 0.3649
861 0.1952
862 0.2530
863 0.2691
864 0.1674
865 0.4005
866 0.1020
867 0.2862
868 0.2735
869 0.0694
870 0.2286
871 0.1365
872 0.0639
873 0.2849
874 0.4217
875 0.0949
876 0.2074
877 0.2234
878 0.1762
879 0.3212
880 0.4396
881 0.1634
882 0.1766
883 0.3337
884 0.3248
885 0.2739
886 0.4935
887 0.2959
888 0.3800
889 0.5419
890 0.1369
891 0.1612
892 0.2641
893 0.2151
894 0.2429
895 0.2220
896 0.2153
897 0.2614
898 0.1775
899 0.1736
900 0.3573
901 0.2689
902 0.2750
903 0.3678
904 0.2053
905 0.0911
906 0.2197
907 0.1545
908 0.1797
909 0.2374
910 0.3282
911 0.1488
912 0.2577
913 0.0894
914 0.2808
915 0.2502
916 0.2083
917 0.1146
918 0.0840
919 0.4746
920 0.1970
921 0.4698
922 0.3322
923 0.2149
924 0.1495
925 0.4711
926 0.2314
927 0.1743
928 0.1747
929 0.2328
930 0.1320
931 0.1107
932 0.1946
933 0.1385
934 0.1961
935 0.4001
936 0.4209
937 0.2088
938 0.3998
939 0.6617
940 0.2240
941 0.7086
942 0.2353
943 0.1732
944 0.2664
945 0.1248
946 0.2800
947 0.1998
948 0.3529
949 0.2684
950 0.1591
951 0.1742
952 0.2722
953 0.1909
954 0.1983
955 0.1588
956 0.2388
957 0.0810
958 0.1725
959 0.1934
960 0.4639
961 0.2034
962 0.2373
963 0.1174
964 0.1744
965 0.4505
966 0.1162
967 0.1587
968 0.1456
969 0.3091
970 0.3096
971 0.2946
972 0.1906
973 0.3061
974 0.1968
975 0.4948
976 0.6423
977 0.3553
978 0.4417
979 0.3824
980 0.1104
981 0.1393
982 0.1760
983 0.2916
984 0.2238
985 0.1630
986 0.1735
987 0.1960
988 0.1457
989 0.3007
990 0.1536
991 0.2867
992 0.2785
993 0.2215
994 0.1474
995 0.2683
996 0.1490
997 0.2191
998 0.4147
999 0.1543
1000 0.2682
1001 0.1977
1002 0.1683
1003 0.1974
1004 0.3682
1005 0.2593
1006 0.3408
1007 0.2981
1008 0.1924
1009 0.3617
1010 0.5277
1011 0.1119
1012 0.2493
1013 0.3569
1014 0.4010
1015 0.1931
1016 0.3173
1017 0.6432
1018 0.1747
1019 0.1651
1020 0.4507
1021 0.2048
1022 0.4896
1023 0.2781
1024 0.2820
1025 0.1333
1026 0.1057
1027 0.1668
1028 0.2544
1029 0.1591
1030 0.1823
1031 0.0596
1032 0.1129
1033 0.5226
1034 0.2025
1035 0.0947
1036 0.6063
1037 0.7136
1038 0.2595
1039 0.3295
1040 0.1703
1041 0.3838
1042 0.2221
1043 0.2841
1044 0.1878
1045 0.4368
1046 0.5686
1047 0.2543
1048 0.2094
1049 0.2878
1050 0.4631
1051 0.1467
1052 0.2839
1053 0.3143
1054 0.1845
1055 0.5218
1056 0.2688
1057 0.2363
1058 0.2281
1059 0.7699
1060 0.1043
1061 0.2299
1062 0.1521
1063 0.2724
1064 0.4043
1065 0.1274
1066 0.1218
1067 0.2616
1068 0.2795
1069 0.3576
1070 0.3902
1071 0.1539
1072 0.1747
1073 0.3765
1074 0.1079
1075 0.2868
1076 0.1471
1077 0.5341
1078 0.1038
1079 0.3194
1080 0.1341
1081 0.2267
1082 0.2828
1083 0.1192
1084 0.1518
1085 0.5902
1086 0.4270
1087 0.2170
1088 0.4783
1089 0.0727
1090 0.2546
1091 0.1452
1092 0.3176
1093 0.1442
1094 0.2655
1095 0.2127
1096 0.4753
1097 0.2122
1098 0.1505
1099 0.1408
1100 0.2257
1101 0.1974
1102 0.0505
1103 0.2271
1104 0.1768
1105 0.1901
1106 0.1545
1107 0.2076
1108 0.1706
1109 0.1905
1110 0.2130
1111 0.2452
1112 0.1387
1113 0.4057
1114 0.2791
1115 0.3426
1116 0.2883
1117 0.1457
1118 0.2777
1119 0.3586
1120 0.3467
1121 0.3106
1122 0.2546
1123 0.3389
1124 0.2204
1125 0.3068
1126 0.1434
1127 0.1641
1128 0.1715
1129 0.2823
1130 0.6620
1131 0.1485
1132 0.0983
1133 0.3113
1134 0.4651
1135 0.2495
1136 0.2128
1137 0.1096
1138 0.1861
1139 0.4121
1140 0.1950
1141 0.2093
1142 0.1655
1143 0.2033
1144 0.2520
1145 0.1126
1146 0.2061
1147 0.1786
1148 0.0709
1149 0.3476
1150 0.1824
1151 0.1602
1152 0.3715
1153 0.1580
1154 0.1970
1155 0.4144
1156 0.1267
1157 0.1868
1158 0.3716
1159 0.2044
1160 0.3224
1161 0.1658
1162 0.5680
1163 0.5359
1164 0.2405
1165 0.0903
1166 0.1300
1167 0.1279
1168 0.7096
1169 0.2460
1170 0.2376
1171 0.1897
1172 0.1998
1173 0.2051
1174 0.4606
1175 0.2525
1176 0.3409
1177 0.1310
1178 0.2656
1179 0.2172
1180 0.0492
1181 0.3404
1182 0.1352
1183 0.2479
1184 0.5858
1185 0.3712
1186 0.1965
1187 0.2349
1188 0.1884
1189 0.1267
1190 0.2509
1191 0.2656
1192 0.1371
1193 0.1345
1194 0.2005
1195 0.1946
1196 0.2241
1197 0.9754
1198 0.1550
1199 0.1176
1200 0.1105
1201 0.1936
1202 0.4715
1203 0.2623
1204 0.2955
1205 0.1783
1206 0.1446
1207 0.1661
1208 0.3551
1209 0.2525
1210 0.4927
1211 0.2571
1212 0.3429
1213 0.1514
1214 0.2805
1215 0.0720
1216 0.1376
1217 0.2551
1218 0.2393
1219 0.1616
1220 0.2102
1221 0.1853
1222 0.5171
1223 0.2120
1224 0.1173
1225 0.0530
1226 0.5107
1227 0.0867
1228 0.1464
1229 0.6882
1230 0.1943
1231 0.1605
1232 0.1624
1233 0.2027
1234 0.1675
1235 0.5226
1236 0.1191
1237 0.1882
1238 0.3076
1239 0.2308
1240 0.1511
1241 0.3694
1242 0.1090
1243 0.1934
1244 0.2219
1245 0.1934
1246 0.2067
1247 0.4726
1248 0.2524
1249 0.2436
1250 0.5350
1251 0.2778
1252 0.1720
1253 0.6262
1254 0.1185
1255 0.2707
1256 0.2710
1257 0.1854
1258 0.2949
1259 0.1856
1260 0.4176
1261 0.2566
1262 0.1168
1263 0.0970
1264 0.6735
1265 0.1903
1266 0.1187
1267 0.2547
1268 0.2564
1269 0.1823
1270 0.1565
1271 0.1708
1272 0.3081
1273 0.1005
1274 0.1632
1275 0.0818
1276 0.1175
1277 0.4419
1278 0.1700
1279 0.3681
1280 0.2003
1281 0.2181
1282 0.3864
1283 0.1355
1284 0.2734
1285 0.1530
1286 0.3182
1287 0.3023
1288 0.1243
1289 0.1656
1290 0.1613
1291 0.4832
1292 0.2962
1293 0.2483
1294 0.2236
1295 0.4054
1296 0.2707
1297 0.2218
1298 0.2336
1299 0.2225
1300 0.1598
1301 0.0878
1302 0.1204
1303 0.2620
1304 0.2953
1305 0.0982
1306 0.1516
1307 0.2651
1308 0.0750
1309 0.1617
1310 0.2638
1311 0.1501
1312 0.2272
1313 0.1825
1314 0.1661
1315 0.2677
1316 0.1959
1317 0.2038
1318 0.1580
1319 0.2180
1320 0.2004
1321 0.2191
1322 0.2656
1323 0.1923
1324 0.2670
1325 0.1038
1326 0.1277
1327 0.2670
1328 0.0926
1329 0.1848
1330 0.0799
1331 0.1748
1332 0.2075
1333 0.0937
1334 0.2069
1335 0.3856
1336 0.1643
1337 0.1372
1338 0.1282
1339 0.3442
1340 0.3056
1341 0.1926
1342 0.1542
1343 0.1103
1344 0.3809
1345 0.2281
1346 0.2157
1347 0.2389
1348 0.4099
1349 0.1851
1350 0.2491
1351 0.1096
1352 0.1180
1353 0.3978
1354 0.2668
1355 0.4085
1356 0.2029
1357 0.1858
1358 0.1253
1359 0.1982
1360 0.2778
1361 0.3054
1362 0.0710
1363 0.2079
1364 0.3339
1365 0.2915
1366 0.2618
1367 0.2385
1368 0.2023
1369 0.2150
1370 0.1706
1371 0.1604
1372 0.1024
1373 0.4101
1374 0.2322
1375 0.1799
1376 0.3004
1377 0.1672
1378 0.2110
1379 0.2732
1380 0.1695
1381 0.2307
1382 0.4189
1383 0.1392
1384 0.3658
1385 0.1392
1386 0.2144
1387 0.3078
1388 0.2396
1389 0.1651
1390 0.1025
1391 0.0775
1392 0.1419
1393 0.3810
1394 0.1406
1395 0.1423
1396 0.1289
1397 0.3205
1398 0.2087
1399 0.5255
1400 0.1801
1401 0.1401
1402 0.1379
1403 0.3084
1404 0.1730
1405 0.2775
1406 0.0604
1407 0.2101
1408 0.3331
1409 0.1461
1410 0.2997
1411 0.1884
1412 0.5930
1413 0.0673
1414 0.0926
1415 0.1226
1416 0.1924
1417 0.4210
1418 0.1940
1419 0.1096
1420 0.1102
1421 0.1468
1422 0.5792
1423 0.1115
1424 0.1686
1425 0.1409
1426 0.2543
1427 0.0647
1428 0.1488
1429 0.1645
1430 0.0789
1431 0.0746
1432 0.1974
1433 0.2339
1434 0.2245
1435 0.2315
1436 0.2599
1437 0.1387
1438 0.3983
1439 0.1083
1440 0.3650
1441 0.2045
1442 0.3489
1443 0.3398
1444 0.0614
1445 0.1342
1446 0.2140
1447 0.2594
1448 0.3003
1449 0.1338
1450 0.2936
1451 0.1029
1452 0.3247
1453 0.2456
1454 0.2708
1455 0.1046
1456 0.6018
1457 0.1480
1458 0.3523
1459 0.1039
1460 0.1295
1461 0.1816
1462 0.4924
1463 0.2726
1464 0.5056
1465 0.1054
1466 0.0667
1467 0.1899
1468 0.3345
1469 0.2119
1470 0.1164
1471 0.0558
1472 0.1083
1473 0.2933
1474 0.2282
1475 0.1726
1476 0.1156
1477 0.2336
1478 0.1579
1479 0.2675
1480 0.2796
1481 0.1412
1482 0.0819
1483 0.1531
1484 0.1643
1485 0.1474
1486 0.1056
1487 0.2808
1488 0.1837
1489 0.2721
1490 0.3301
1491 0.2090
1492 0.1138
1493 0.2301
1494 0.1641
1495 0.1848
1496 0.1469
1497 0.1395
1498 0.1439
1499 0.2002
1500 0.1947
1501 0.4470
1502 0.1315
1503 0.3472
1504 0.1385
1505 0.1622
1506 0.2116
1507 0.2310
1508 0.0762
1509 0.1291
1510 0.2376
1511 0.1985
1512 0.5779
1513 0.1823
1514 0.1862
1515 0.3620
1516 0.2179
1517 0.1899
1518 0.1601
1519 0.0715
1520 0.2197
1521 0.2653
1522 0.1031
1523 0.3868
1524 0.1468
1525 0.1650
1526 0.3475
1527 0.1355
1528 0.1776
1529 0.3726
1530 0.0871
1531 0.2085
1532 0.3556
1533 0.1688
1534 0.3110
1535 0.0300
1536 0.1515
1537 0.1547
1538 0.5061
1539 0.3073
1540 0.2230
1541 0.1014
1542 0.1197
1543 0.0983
1544 0.1349
1545 0.2995
1546 0.0949
1547 0.3952
1548 0.4085
1549 0.1678
1550 0.2966
1551 0.2837
1552 0.1352
1553 0.2827
1554 0.3623
1555 0.1957
1556 0.2807
1557 0.1127
1558 0.1352
1559 0.1522
1560 0.1038
1561 0.3201
1562 0.1425
1563 0.0869
1564 0.0881
1565 0.1780
1566 0.1947
1567 0.1611
1568 0.2357
1569 0.1267
1570 0.0727
1571 0.4298
1572 0.1718
1573 0.1740
1574 0.0643
1575 0.3309
1576 0.2338
1577 0.2136
1578 0.2000
1579 0.3497
1580 0.1706
1581 0.2029
1582 0.2104
1583 0.0787
1584 0.2757
1585 0.2163
1586 0.2887
1587 0.3741
1588 0.1253
1589 0.1578
1590 0.1323
1591 0.1119
1592 0.2987
1593 0.3153
1594 0.0737
1595 0.1237
1596 0.2687
1597 0.1309
1598 0.1483
1599 0.3184
1600 0.2322
1601 0.1532
1602 0.2786
1603 0.1686
1604 0.2317
1605 0.2187
1606 0.2976
1607 0.0857
1608 0.1266
1609 0.2446
1610 0.1408
1611 0.3120
1612 0.1172
1613 0.1209
1614 0.2799
1615 0.0951
1616 0.3399
1617 0.1988
1618 0.2129
1619 0.1830
1620 0.0856
1621 0.2595
1622 0.1096
1623 0.2105
1624 0.1943
1625 0.2589
1626 0.2331
1627 0.2737
1628 0.2527
1629 0.5625
1630 0.4138
1631 0.2578
1632 0.1357
1633 0.1639
1634 0.4526
1635 0.0926
1636 0.1766
1637 0.1472
1638 0.0559
1639 0.3717
1640 0.1350
1641 0.1618
1642 0.1878
1643 0.1158
1644 0.5496
1645 0.2642
1646 0.3144
1647 0.0437
1648 0.1485
1649 0.3083
1650 0.2074
1651 0.1213
1652 0.2113
1653 0.0440
1654 0.2250
1655 0.2176
1656 0.1514
1657 0.2284
1658 0.0785
1659 0.1155
1660 0.0488
1661 0.2320
1662 0.1529
1663 0.3534
1664 0.2938
1665 0.3645
1666 0.2565
1667 0.2529
1668 0.1934
1669 0.1377
1670 0.0751
1671 0.1031
1672 0.5830
1673 0.1214
1674 0.1044
1675 0.1153
1676 0.2437
1677 0.0890
1678 0.2585
1679 0.2391
1680 0.1383
1681 0.1604
1682 0.2089
1683 0.2598
1684 0.1916
1685 0.1592
1686 0.3189
1687 0.2379
1688 0.1145
1689 0.1090
1690 0.1831
1691 0.3084
1692 0.2012
1693 0.3544
1694 0.1750
1695 0.2024
1696 0.4872
1697 0.1882
1698 0.2076
1699 0.2653
1700 0.2182
1701 0.1012
1702 0.1069
1703 0.3228
1704 0.1343
1705 0.0405
1706 0.1792
1707 0.2092
1708 0.2048
1709 0.0829
1710 0.1491
1711 0.1086
1712 0.2861
1713 0.0934
1714 0.5875
1715 0.0698
1716 0.2482
1717 0.1358
1718 0.1204
1719 0.6690
1720 0.0733
1721 0.1764
1722 0.4223
1723 0.2042
1724 0.2642
1725 0.3925
1726 0.1691
1727 0.2104
1728 0.2192
1729 0.2204
1730 0.1744
1731 0.1291
1732 0.2497
1733 0.1775
1734 0.4430
1735 0.3232
1736 0.1430
1737 0.2352
1738 0.5833
1739 0.2892
1740 0.1379
1741 0.1009
1742 0.1152
1743 0.2096
1744 0.2460
1745 0.0732
1746 0.2621
1747 0.1333
1748 0.3197
1749 0.3905
1750 0.3574
1751 0.6355
1752 0.2562
1753 0.0906
1754 0.0640
1755 0.1628
1756 0.2479
1757 0.2255
1758 0.3949
1759 0.1362
1760 0.2730
1761 0.1784
1762 0.0987
1763 0.1475
1764 0.0612
1765 0.3231
1766 0.1516
1767 0.2547
1768 0.2670
1769 0.1218
1770 0.1417
1771 0.2270
1772 0.3075
1773 0.2021
1774 0.1190
1775 0.2270
1776 0.1333
1777 0.4257
1778 0.2928
1779 0.2628
1780 0.5479
1781 0.0789
1782 0.1026
1783 0.0856
1784 0.2464
1785 0.0840
1786 0.0926
1787 0.2044
1788 0.1544
1789 0.1628
1790 0.1080
1791 0.4027
1792 0.2399
1793 0.1730
1794 0.1709
1795 0.2548
1796 0.0914
1797 0.6506
1798 0.1219
1799 0.1517
1800 0.1638
1801 0.2208
1802 0.3861
1803 0.1983
1804 0.0590
1805 0.3408
1806 0.2197
1807 0.0685
1808 0.0861
1809 0.1440
1810 0.2582
1811 0.0998
1812 0.1138
1813 0.2064
1814 0.0690
1815 0.2442
1816 0.5971
1817 0.2680
1818 0.1291
1819 0.1058
1820 0.3170
1821 0.1376
1822 0.2040
1823 0.1456
1824 0.0890
1825 0.0222
1826 0.4024
1827 0.1454
1828 0.3357
1829 0.1844
1830 0.1389
1831 0.2098
1832 0.0759
1833 0.1478
1834 0.1404
1835 0.6163
1836 0.1445
1837 0.1289
1838 0.0692
1839 0.2824
1840 0.5718
1841 0.2156
1842 0.1530
1843 0.1197
1844 0.1785
1845 0.3430
1846 0.1840
1847 0.3149
1848 0.1587
1849 0.3086
1850 0.1089
1851 0.1979
1852 0.1791
1853 0.1369
1854 0.1694
1855 0.1185
1856 0.2736
1857 0.1185
1858 0.2724
1859 0.2021
1860 0.3358
1861 0.1425
1862 0.1261
1863 0.2589
1864 0.0443
1865 0.1184
1866 0.1447
1867 0.4333
1868 0.2113
1869 0.2035
1870 0.2837
1871 0.1309
1872 0.1545
1873 0.1275
1874 0.3621
1875 0.1346
1876 0.2110
1877 0.1338
1878 0.1838
1879 0.2837
1880 0.2236
1881 0.1297
1882 0.2955
1883 0.1167
1884 0.1794
1885 0.2375
1886 0.1581
1887 0.0399
1888 0.1433
1889 0.3395
1890 0.1106
1891 0.3476
1892 0.1382
1893 0.2753
1894 0.1622
1895 0.1801
1896 0.2530
1897 0.2052
1898 0.1675
1899 0.2188
1900 0.2270
1901 0.1590
1902 0.1386
1903 0.0470
1904 0.1779
1905 0.0778
1906 0.2054
1907 0.1833
1908 0.1866
1909 0.1186
1910 0.2603
1911 0.1849
1912 0.1210
1913 0.1217
1914 0.5864
1915 0.0881
1916 0.1349
1917 0.2513
1918 0.1356
1919 0.1111
1920 0.2215
1921 0.0986
1922 0.1500
1923 0.2177
1924 0.2526
1925 0.1162
1926 0.2314
1927 0.2513
1928 0.1267
1929 0.1257
1930 0.1278
1931 0.2488
1932 0.2454
1933 0.1184
1934 0.1451
1935 0.1750
1936 0.1091
1937 0.1323
1938 0.1287
1939 0.3412
1940 0.1091
1941 0.1139
1942 0.1243
1943 0.0762
1944 0.2680
1945 0.2369
1946 0.1675
1947 0.2405
1948 0.2003
1949 0.0950
1950 0.0914
1951 0.1507
1952 0.1607
1953 0.2791
1954 0.2728
1955 0.2690
1956 0.2193
1957 0.4100
1958 0.1492
1959 0.2234
1960 0.1837
1961 0.1525
1962 0.1168
1963 0.6779
1964 0.3698
1965 0.1930
1966 0.1334
1967 0.0539
1968 0.1027
1969 0.2469
1970 0.1258
1971 0.1030
1972 0.2062
1973 0.0434
1974 0.3589
1975 0.1779
1976 0.2264
1977 0.1104
1978 0.1477
1979 0.1391
1980 0.3272
1981 0.3560
1982 0.0431
1983 0.1688
1984 0.1999
1985 0.0772
1986 0.2591
1987 0.1524
1988 0.1441
1989 0.2557
1990 0.2023
1991 0.2258
1992 0.1379
1993 0.2290
1994 0.0919
1995 0.1486
1996 0.1796
1997 0.0584
1998 0.2315
1999 0.1990
2000 0.2855
2001 0.1233
2002 0.1545
2003 0.1516
2004 0.2217
2005 0.1482
2006 0.1108
2007 0.2637
2008 0.0867
2009 0.1260
2010 0.1591
2011 0.1119
2012 0.2157
2013 0.1037
2014 0.2074
2015 0.0712
2016 0.2961
2017 0.1801
2018 0.1367
2019 0.0702
2020 0.3127
2021 0.1541
2022 0.3119
2023 0.2259
2024 0.1561
2025 0.2260
2026 0.3752
2027 0.1719
2028 0.0870
2029 0.0761
2030 0.1108
2031 0.2063
2032 0.1712
2033 0.2375
2034 0.1573
2035 0.0641
2036 0.3128
2037 0.1634
2038 0.1791
2039 0.2379
2040 0.4045
2041 0.0718
2042 0.2332
2043 0.1225
2044 0.2786
2045 0.0546
2046 0.0985
2047 0.1135
2048 0.2096
2049 0.2077
2050 0.5710
2051 0.1556
2052 0.2024
2053 0.2149
2054 0.0975
2055 0.2378
2056 0.5526
2057 0.1778
2058 0.5348
2059 0.3148
2060 0.1372
2061 0.0965
2062 0.1026
2063 0.1615
2064 0.0801
2065 0.2593
2066 0.0880
2067 0.1338
2068 0.1545
2069 0.1357
2070 0.1098
2071 0.1819
2072 0.0944
2073 0.2983
2074 0.3182
2075 0.0935
2076 0.3724
2077 0.2366
2078 0.1244
2079 0.2013
2080 0.2400
2081 0.1538
2082 0.2875
2083 0.4912
2084 0.5093
2085 0.1979
2086 0.4389
2087 0.3102
2088 0.2060
2089 0.2260
2090 0.0865
2091 0.2062
2092 0.1511
2093 0.2099
2094 0.1292
2095 0.2201
2096 0.1881
2097 0.0504
2098 0.0421
2099 0.1796
2100 0.1377
2101 0.0734
2102 0.1414
2103 0.2347
2104 0.2334
2105 0.2528
2106 0.1384
2107 0.1100
2108 0.0744
2109 0.1448
2110 0.1644
2111 0.1345
2112 0.0509
2113 0.1732
2114 0.1760
2115 0.2507
2116 0.2212
2117 0.1076
2118 0.1496
2119 0.1892
2120 0.2448
2121 0.1289
2122 0.1644
2123 0.0963
2124 0.3653
2125 0.0827
2126 0.2431
2127 0.3031
2128 0.1317
2129 0.1301
2130 0.1434
2131 0.5353
2132 0.3202
2133 0.1023
2134 0.2277
2135 0.1767
2136 0.1871
2137 0.1448
2138 0.1878
2139 0.2220
2140 0.1438
2141 0.3746
2142 0.2370
2143 0.3402
2144 0.3492
2145 0.0905
2146 0.1346
2147 0.2325
2148 0.1221
2149 0.1770
2150 0.2482
2151 0.0809
2152 0.1300
2153 0.0439
2154 0.1462
2155 0.0508
2156 0.2010
2157 0.0921
2158 0.1275
2159 0.1654
2160 0.2255
2161 0.2639
2162 0.0905
2163 0.2343
2164 0.1066
2165 0.1973
2166 0.1014
2167 0.1748
2168 0.0304
2169 0.2887
2170 0.2416
2171 0.1195
2172 0.3470
2173 0.1641
2174 0.1726
2175 0.1653
2176 0.2526
2177 0.4038
2178 0.2301
2179 0.2422
2180 0.3256
2181 0.2380
2182 0.2995
2183 0.2769
2184 0.1349
2185 0.1804
2186 0.2296
2187 0.2959
2188 0.3493
2189 0.1739
2190 0.1602
2191 0.1805
2192 0.0649
2193 0.4900
2194 0.0896
2195 0.2678
2196 0.1485
2197 0.3716
2198 0.0658
2199 0.2524
2200 0.0989
2201 0.1313
2202 0.1349
2203 0.1272
2204 0.1639
2205 0.0994
2206 0.3549
2207 0.2042
2208 0.3663
2209 0.2482
2210 0.0614
2211 0.2052
2212 0.1913
2213 0.0766
2214 0.1399
2215 0.0799
2216 0.1428
2217 0.0771
2218 0.0950
2219 0.1336
2220 0.1512
2221 0.2092
2222 0.1545
2223 0.3885
2224 0.1160
2225 0.3655
2226 0.3810
2227 0.1019
2228 0.2249
2229 0.1213
2230 0.0918
2231 0.3066
2232 0.1993
2233 0.1430
2234 0.0512
2235 0.1979
2236 0.0896
2237 0.0637
2238 0.1229
2239 0.2517
2240 0.7113
2241 0.1355
2242 0.1930
2243 0.1069
2244 0.2869
2245 0.1289
2246 0.0622
2247 0.4897
2248 0.2928
2249 0.1388
2250 0.1363
2251 0.0933
2252 0.1654
2253 0.0646
2254 0.1038
2255 0.2087
2256 0.1357
2257 0.3400
2258 0.0844
2259 0.0912
2260 0.0894
2261 0.0756
2262 0.0583
2263 0.1273
2264 0.1863
2265 0.1661
2266 0.4325
2267 0.2122
2268 0.1162
2269 0.1781
2270 0.2470
2271 0.0982
2272 0.2022
2273 0.1482
2274 0.0790
2275 0.1284
2276 0.1589
2277 0.0751
2278 0.2391
2279 0.0889
2280 0.3521
2281 0.2539
2282 0.0751
2283 0.1876
2284 0.1179
2285 0.1256
2286 0.1736
2287 0.3595
2288 0.2681
2289 0.0441
2290 0.0500
2291 0.1158
2292 0.0923
2293 0.1873
2294 0.0687
2295 0.2336
2296 0.2375
2297 0.1705
2298 0.4606
2299 0.1571
2300 0.2534
2301 0.2696
2302 0.2887
2303 0.1807
2304 0.1746
2305 0.3514
2306 0.1992
2307 0.1714
2308 0.1693
2309 0.3698
2310 0.2581
2311 0.0955
2312 0.1996
2313 0.1449
2314 0.1276
2315 0.0684
2316 0.3499
2317 0.1888
2318 0.2861
2319 0.3228
2320 0.3490
2321 0.1169
2322 0.1865
2323 0.1705
2324 0.1389
2325 0.3430
2326 0.2471
2327 0.0512
2328 0.0784
2329 0.0951
2330 0.0580
2331 0.1710
2332 0.0882
2333 0.2006
2334 0.0603
2335 0.2877
2336 0.0690
2337 0.1714
2338 0.1164
2339 0.1656
2340 0.1922
2341 0.4482
2342 0.3004
2343 0.1170
2344 0.1850
2345 0.1900
2346 0.1563
2347 0.0746
2348 0.1516
2349 0.2757
2350 0.0741
2351 0.1707
2352 0.1510
2353 0.7294
2354 0.2152
2355 0.1228
2356 0.4276
2357 0.1440
2358 0.1369
2359 0.1028
2360 0.2844
2361 0.4000
2362 0.1792
2363 0.2539
2364 0.1407
2365 0.4861
2366 0.1906
2367 0.2131
2368 0.3146
2369 0.0385
2370 0.1711
2371 0.2921
2372 0.3960
2373 0.2835
2374 0.2102
2375 0.4096
2376 0.1078
2377 0.2925
2378 0.0621
2379 0.0811
2380 0.0795
2381 0.1158
2382 0.0746
2383 0.2176
2384 0.1213
2385 0.1373
2386 0.1861
2387 0.1965
2388 0.2118
2389 0.0394
2390 0.0987
2391 0.1651
2392 0.3844
2393 0.1999
2394 0.3535
2395 0.3665
2396 0.0747
2397 0.2232
2398 0.5167
2399 0.3028
2400 0.0807
2401 0.1583
2402 0.0963
2403 0.1309
2404 0.0969
2405 0.4288
2406 0.1123
2407 0.0315
2408 0.0981
2409 0.0594
2410 0.0857
2411 0.1805
2412 0.0818
2413 0.0823
2414 0.1176
2415 0.1349
2416 0.0864
2417 0.3879
2418 0.1813
2419 0.3002
2420 0.1405
2421 0.2215
2422 0.2107
2423 0.3666
2424 0.2343
2425 0.2463
2426 0.0714
2427 0.2415
2428 0.3150
2429 0.2169
2430 0.1218
2431 0.0966
2432 0.2061
2433 0.3393
2434 0.1515
2435 0.4811
2436 0.1759
2437 0.1154
2438 0.0890
2439 0.3914
2440 0.1604
2441 0.2126
2442 0.1860
2443 0.4029
2444 0.5974
2445 0.2506
2446 0.3044
2447 0.3534
2448 0.5462
2449 0.0793
2450 0.1033
2451 0.4040
2452 0.0763
2453 0.0549
2454 0.1702
2455 0.2449
2456 0.0422
2457 0.0557
2458 0.1468
2459 0.3254
2460 0.1499
2461 0.0942
2462 0.1294
2463 0.1569
2464 0.2703
2465 0.3281
2466 0.5010
2467 0.1592
2468 0.3589
2469 0.1105
2470 0.1341
2471 0.1632
2472 0.0855
2473 0.1475
2474 0.2352
2475 0.1124
2476 0.1719
2477 0.1883
2478 0.2480
2479 0.0977
2480 0.3414
2481 0.3050
2482 0.4861
2483 0.3228
2484 0.0797
2485 0.2486
2486 0.1767
2487 0.2240
2488 0.2097
2489 0.2098
2490 0.5342
2491 0.2251
2492 0.0460
2493 0.0687
2494 0.1143
2495 0.1684
2496 0.0883
2497 0.1933
2498 0.1070
2499 0.1914
2500 0.1134
2501 0.1995
2502 0.1096
2503 0.0815
2504 0.1950
2505 0.4054
2506 0.1433
2507 0.1600
2508 0.1086
2509 0.3414
2510 0.0510
2511 0.0976
2512 0.2377
2513 0.1679
2514 0.2957
2515 0.0629
2516 0.0938
2517 0.2866
2518 0.2235
2519 0.1938
2520 0.1580
2521 0.0817
2522 0.2713
2523 0.1321
2524 0.1335
2525 0.1197
2526 0.1276
2527 0.1455
2528 0.0831
2529 0.1676
2530 0.1919
2531 0.1385
2532 0.2699
2533 0.1368
2534 0.3086
2535 0.1064
2536 0.0799
2537 0.1494
2538 0.1550
2539 0.0851
2540 0.1474
2541 0.1678
2542 0.1810
2543 0.1764
2544 0.1092
2545 0.2565
2546 0.2579
2547 0.3229
2548 0.1168
2549 0.1662
2550 0.1619
2551 0.1027
2552 0.3704
2553 0.2479
2554 0.2170
2555 0.1197
2556 0.1448
2557 0.1012
2558 0.1247
2559 0.2340
2560 0.1736
2561 0.0974
2562 0.0892
2563 0.2302
2564 0.0553
2565 0.1368
2566 0.1030
2567 0.1967
2568 0.0656
2569 0.1811
2570 0.6972
2571 0.2999
2572 0.1976
2573 0.1625
2574 0.0414
2575 0.0451
2576 0.2244
2577 0.2169
2578 0.1742
2579 0.2011
2580 0.1861
2581 0.2611
2582 0.1433
2583 0.1337
2584 0.1964
2585 0.0914
2586 0.1299
2587 0.1124
2588 0.6973
2589 0.2117
2590 0.3720
2591 0.2034
2592 0.1210
2593 0.1210
2594 0.0505
2595 0.0965
2596 0.0417
2597 0.1615
2598 0.1326
2599 0.2196
2600 0.0610
2601 0.1999
2602 0.3040
2603 0.0878
2604 0.2671
2605 0.1543
2606 0.0343
2607 0.1791
2608 0.0376
2609 0.1255
2610 0.2809
2611 0.1266
2612 0.0881
2613 0.0504
2614 0.1586
2615 0.1455
2616 0.0633
2617 0.2204
2618 0.2389
2619 0.1032
2620 0.1292
2621 0.1535
2622 0.2042
2623 0.2278
2624 0.2870
2625 0.1010
2626 0.1081
2627 0.2562
2628 0.1951
2629 0.1144
2630 0.0517
2631 0.0957
2632 0.6876
2633 0.2099
2634 0.4825
2635 0.1530
2636 0.1363
2637 0.0526
2638 0.0743
2639 0.3763
2640 0.1705
2641 0.1855
2642 0.2081
2643 0.2813
2644 0.1619
2645 0.4628
2646 0.1449
2647 0.2013
2648 0.1450
2649 0.0741
2650 0.1156
2651 0.1503
2652 0.2118
2653 0.2618
2654 0.1042
2655 0.0630
2656 0.1419
2657 0.1759
2658 0.0477
2659 0.0255
2660 0.1492
2661 0.2016
2662 0.2945
2663 0.4233
2664 0.2167
2665 0.0633
2666 0.0892
2667 0.1367
2668 0.1142
2669 0.2183
2670 0.2359
2671 0.1318
2672 0.1778
2673 0.2476
2674 0.1651
2675 0.2503
2676 0.1685
2677 0.1268
2678 0.1428
2679 0.2301
2680 0.0769
2681 0.1597
2682 0.2270
2683 0.1189
2684 0.0249
2685 0.1260
2686 0.0471
2687 0.0806
2688 0.1140
2689 0.1400
2690 0.2186
2691 0.1709
2692 0.3374
2693 0.2669
2694 0.0989
2695 0.6452
2696 0.0909
2697 0.2779
2698 0.2094
2699 0.1635
2700 0.1627
2701 0.0556
2702 0.2192
2703 0.3718
2704 0.1977
2705 0.3185
2706 0.0726
2707 0.1552
2708 0.1171
2709 0.3272
2710 0.1526
2711 0.3196
2712 0.1052
2713 0.1239
2714 0.2344
2715 0.3932
2716 0.0611
2717 0.0441
2718 0.0650
2719 0.1380
2720 0.0732
2721 0.1704
2722 0.0976
2723 0.2621
2724 0.1840
2725 0.1171
2726 0.1415
2727 0.1542
2728 0.0389
2729 0.0969
2730 0.1078
2731 0.1568
2732 0.2664
2733 0.2335
2734 0.2546
2735 0.2211
2736 0.4029
2737 0.1472
2738 0.0781
2739 0.3782
2740 0.1024
2741 0.0701
2742 0.0904
2743 0.2008
2744 0.0615
2745 0.1612
2746 0.3425
2747 0.2611
2748 0.1413
2749 0.2259
2750 0.1320
2751 0.1863
2752 0.0977
2753 0.2441
2754 0.1102
2755 0.1678
2756 0.1953
2757 0.1350
2758 0.0851
2759 0.1017
2760 0.1198
2761 0.2050
2762 0.1536
2763 0.1563
2764 0.2604
2765 0.1832
2766 0.1998
2767 0.1920
2768 0.1052
2769 0.0895
2770 0.0490
2771 0.0779
2772 0.1109
2773 0.1716
2774 0.0370
2775 0.1219
2776 0.1003
2777 0.1834
2778 0.1264
2779 0.2423
2780 0.0440
2781 0.0559
2782 0.1155
2783 0.0499
2784 0.0912
2785 0.2419
2786 0.2331
2787 0.0415
2788 0.1788
2789 0.1701
2790 0.1880
2791 0.1492
2792 0.0703
2793 0.1429
2794 0.1363
2795 0.2205
2796 0.0932
2797 0.1306
2798 0.1537
2799 0.1288
2800 0.2611
2801 0.3684
2802 0.1716
2803 0.0931
2804 0.5269
2805 0.0799
2806 0.0402
2807 0.1090
2808 0.0952
2809 0.2169
2810 0.2617
2811 0.1485
2812 0.0931
2813 0.0514
2814 0.2059
2815 0.2020
2816 0.1658
2817 0.0548
2818 0.2194
2819 0.2487
2820 0.1422
2821 0.1598
2822 0.0840
2823 0.1069
2824 0.0787
2825 0.1330
2826 0.4710
2827 0.1071
2828 0.2700
2829 0.1542
2830 0.0577
2831 0.1656
2832 0.1459
2833 0.1955
2834 0.0665
2835 0.1537
2836 0.0794
2837 0.2410
2838 0.2629
2839 0.1784
2840 0.1736
2841 0.0764
2842 0.1909
2843 0.0382
2844 0.0901
2845 0.1322
2846 0.0307
2847 0.3425
2848 0.1730
2849 0.2011
2850 0.1348
2851 0.1863
2852 0.0780
2853 0.2462
2854 0.0745
2855 0.2248
2856 0.2003
2857 0.0674
2858 0.0634
2859 0.0731
2860 0.0674
2861 0.3163
2862 0.1707
2863 0.0873
2864 0.1170
2865 0.0999
2866 0.5512
2867 0.1618
2868 0.4020
2869 0.0929
2870 0.1333
2871 0.1443
2872 0.4190
2873 0.3964
2874 0.1106
2875 0.0961
2876 0.1293
2877 0.1486
2878 0.0736
2879 0.0200
2880 0.0599
2881 0.1233
2882 0.1930
2883 0.0988
2884 0.1385
2885 0.1878
2886 0.0841
2887 0.0692
2888 0.4518
2889 0.0661
2890 0.1058
2891 0.1151
2892 0.2290
2893 0.1407
2894 0.2708
2895 0.1771
2896 0.1021
2897 0.3813
2898 0.1477
2899 0.2999
2900 0.2294
2901 0.1325
2902 0.1423
2903 0.0627
2904 0.1701
2905 0.4406
2906 0.1895
2907 0.1660
2908 0.0728
2909 0.2542
2910 0.3111
2911 0.0837
2912 0.1614
2913 0.1582
2914 0.0914
2915 0.1899
2916 0.6220
2917 0.1166
2918 0.2503
2919 0.1579
2920 0.2426
2921 0.1384
2922 0.1408
2923 0.1088
2924 0.4388
2925 0.2189
2926 0.1350
2927 0.3163
2928 0.3735
2929 0.1027
2930 0.2108
2931 0.0761
2932 0.2244
2933 0.1114
2934 0.1132
2935 0.0836
2936 0.0561
2937 0.2249
2938 0.1076
2939 0.0387
2940 0.1151
2941 0.0684
2942 0.0970
2943 0.1065
2944 0.2964
2945 0.0930
2946 0.0460
2947 0.0493
2948 0.2737
2949 0.0391
2950 0.0536
2951 0.1258
2952 0.1047
2953 0.1028
2954 0.2135
2955 0.1585
2956 0.1246
2957 0.1186
2958 0.2189
2959 0.1134
2960 0.1260
2961 0.1718
2962 0.1167
2963 0.1086
2964 0.2305
2965 0.0521
2966 0.0369
2967 0.2871
2968 0.1654
2969 0.0997
2970 0.1103
2971 0.1163
2972 0.0696
2973 0.1150
2974 0.5064
2975 0.1572
2976 0.1392
2977 0.4818
2978 0.1769
2979 0.1027
2980 0.1607
2981 0.0937
2982 0.0517
2983 0.1588
2984 0.0926
2985 0.2434
2986 0.1706
2987 0.2834
2988 0.0729
2989 0.0401
2990 0.1994
2991 0.1675
2992 0.0565
2993 0.1286
2994 0.1879
2995 0.0878
2996 0.2584
2997 0.1320
2998 0.2065
2999 0.0850
3000 0.3784
3001 0.3286
3002 0.0172
3003 0.1109
3004 0.0615
3005 0.1224
3006 0.1806
3007 0.1682
3008 0.2956
3009 0.0612
3010 0.3328
3011 0.2567
3012 0.1190
3013 0.2738
3014 0.1080
3015 0.0739
3016 0.0655
3017 0.1632
3018 0.1009
3019 0.0366
3020 0.1423
3021 0.1400
3022 0.1206
3023 0.1219
3024 0.1706
3025 0.1381
3026 0.0545
3027 0.1971
3028 0.3035
3029 0.1282
3030 0.1469
3031 0.1039
3032 0.2321
3033 0.0647
3034 0.1234
3035 0.0902
3036 0.1080
3037 0.0574
3038 0.0444
3039 0.0937
3040 0.2307
3041 0.1240
3042 0.0348
3043 0.2857
3044 0.1233
3045 0.1977
3046 0.1398
3047 0.1004
3048 0.2495
3049 0.1411
3050 0.1074
3051 0.0981
3052 0.1986
3053 0.1848
3054 0.2450
3055 0.2788
3056 0.1374
3057 0.1232
3058 0.1784
3059 0.1038
3060 0.3066
3061 0.1257
3062 0.2623
3063 0.1400
3064 0.1601
3065 0.0833
3066 0.1077
3067 0.1521
3068 0.1019
3069 0.1567
3070 0.1558
3071 0.2080
3072 0.1422
3073 0.1385
3074 0.1186
3075 0.0800
3076 0.2338
3077 0.2028
3078 0.0859
3079 0.0813
3080 0.0755
3081 0.0881
3082 0.0778
3083 0.1530
3084 0.1156
3085 0.1961
3086 0.1411
3087 0.1347
3088 0.1580
3089 0.0831
3090 0.1690
3091 0.1797
3092 0.1090
3093 0.0771
3094 0.2675
3095 0.0427
3096 0.0720
3097 0.3977
3098 0.0869
3099 0.2442
3100 0.1863
3101 0.1844
3102 0.0560
3103 0.0968
3104 0.1734
3105 0.4463
3106 0.0476
3107 0.1186
3108 0.0968
3109 0.1586
3110 0.2061
3111 0.0884
3112 0.1109
3113 0.4339
3114 0.0166
3115 0.2650
3116 0.1489
3117 0.1561
3118 0.5141
3119 0.2910
3120 0.1144
3121 0.3314
3122 0.0762
3123 0.3321
3124 0.1338
3125 0.0262
3126 0.0906
3127 0.1220
3128 0.1551
3129 0.0991
3130 0.2885
3131 0.2053
3132 0.1370
3133 0.1359
3134 0.1097
3135 0.2874
3136 0.3310
3137 0.1712
3138 0.2113
3139 0.1444
3140 0.1904
3141 0.1999
3142 0.0780
3143 0.1378
3144 0.0838
3145 0.1103
3146 0.1056
3147 0.2042
3148 0.1961
3149 0.0933
3150 0.1005
3151 0.1018
3152 0.0389
3153 0.1086
3154 0.0392
3155 0.1567
3156 0.0809
3157 0.3716
3158 0.0747
3159 0.1712
3160 0.1134
3161 0.1473
3162 0.1153
3163 0.0246
3164 0.4493
3165 0.1557
3166 0.6735
3167 0.0694
3168 0.0644
3169 0.0858
3170 0.0716
3171 0.1328
3172 0.0823
3173 0.2856
3174 0.2315
3175 0.1279
3176 0.2489
3177 0.0929
3178 0.1313
3179 0.0561
3180 0.5017
3181 0.0638
3182 0.2009
3183 0.0684
3184 0.4763
3185 0.0470
3186 0.1271
3187 0.1616
3188 0.1178
3189 0.3334
3190 0.1175
3191 0.0899
3192 0.5521
3193 0.1753
3194 0.1052
3195 0.1934
3196 0.1446
3197 0.1895
3198 0.2012
3199 0.1113
3200 0.1081
3201 0.0494
3202 0.1395
3203 0.0883
3204 0.0480
3205 0.0554
3206 0.0924
3207 0.2111
3208 0.0673
3209 0.2438
3210 0.1358
3211 0.5816
3212 0.0871
3213 0.1559
3214 0.0633
3215 0.2420
3216 0.0333
3217 0.3413
3218 0.0984
3219 0.0807
3220 0.0708
3221 0.1185
3222 0.2535
3223 0.0446
3224 0.0967
3225 0.3394
3226 0.1715
3227 0.1762
3228 0.0806
3229 0.0638
3230 0.1358
3231 0.2324
3232 0.1824
3233 0.4683
3234 0.1626
3235 0.2311
3236 0.1405
3237 0.1590
3238 0.3655
3239 0.4218
3240 0.1054
3241 0.2208
3242 0.1113
3243 0.3475
3244 0.2656
3245 0.2848
3246 0.0927
3247 0.1060
3248 0.1069
3249 0.0734
3250 0.0788
3251 0.0753
3252 0.0770
3253 0.2733
3254 0.0620
3255 0.1991
3256 0.3758
3257 0.2037
3258 0.0828
3259 0.1962
3260 0.1407
3261 0.1814
3262 0.5915
3263 0.1577
3264 0.2402
3265 0.0554
3266 0.1099
3267 0.1099
3268 0.1828
3269 0.0518
3270 0.0780
3271 0.0764
3272 0.0397
3273 0.1606
3274 0.5545
3275 0.0932
3276 0.0639
3277 0.8455
3278 0.1381
3279 0.0898
3280 0.0594
3281 0.2407
3282 0.0702
3283 0.1507
3284 0.2568
3285 0.0970
3286 0.2550
3287 0.1283
3288 0.0546
3289 0.1447
3290 0.1384
3291 0.3151
3292 0.1605
3293 0.1431
3294 0.4166
3295 0.1055
3296 0.1345
3297 0.0559
3298 0.0815
3299 0.0651
3300 0.0664
3301 0.0582
3302 0.2874
3303 0.0302
3304 0.1919
3305 0.3133
3306 0.2065
3307 0.1171
3308 0.0560
3309 0.1215
3310 0.0538
3311 0.1073
3312 0.0412
3313 0.2934
3314 0.1551
3315 0.1243
3316 0.0325
3317 0.0946
3318 0.1892
3319 0.1185
3320 0.2322
3321 0.2274
3322 0.1645
3323 0.2256
3324 0.0504
3325 0.1182
3326 0.1265
3327 0.1171
3328 0.0794
3329 0.0405
3330 0.1858
3331 0.2921
3332 0.1430
3333 0.2912
3334 0.0594
3335 0.0505
3336 0.2985
3337 0.0927
3338 0.1390
3339 0.1714
3340 0.0260
3341 0.1138
3342 0.1384
3343 0.1634
3344 0.0874
3345 0.0667
3346 0.0839
3347 0.1314
3348 0.1680
3349 0.2344
3350 0.2968
3351 0.1012
3352 0.0458
3353 0.1813
3354 0.2883
3355 0.2296
3356 0.1021
3357 0.1522
3358 0.1114
3359 0.1760
3360 0.1473
3361 0.1520
3362 0.3034
3363 0.1112
3364 0.1195
3365 0.3353
3366 0.1186
3367 0.1082
3368 0.0993
3369 0.1476
3370 0.1131
3371 0.4173
3372 0.1676
3373 0.2543
3374 0.1679
3375 0.1565
3376 0.0652
3377 0.1112
3378 0.0799
3379 0.2748
3380 0.1443
3381 0.4560
3382 0.0820
3383 0.0540
3384 0.0811
3385 0.1476
3386 0.2230
3387 0.2038
3388 0.1474
3389 0.3462
3390 0.1563
3391 0.2153
3392 0.2231
3393 0.1252
3394 0.1752
3395 0.1080
3396 0.1350
3397 0.2685
3398 0.4077
3399 0.0943
3400 0.0841
3401 0.3056
3402 0.0693
3403 0.1146
3404 0.1000
3405 0.1426
3406 0.0404
3407 0.1073
3408 0.0359
3409 0.4144
3410 0.0296
3411 0.2234
3412 0.0374
3413 0.0951
3414 0.0766
3415 0.2307
3416 0.1256
3417 0.1227
3418 0.0825
3419 0.0960
3420 0.0636
3421 0.1030
3422 0.1913
3423 0.7956
3424 0.1790
3425 0.1885
3426 0.0589
3427 0.1592
3428 0.0536
3429 0.0429
3430 0.1006
3431 0.4188
3432 0.1698
3433 0.1161
3434 0.0389
3435 0.1935
3436 0.1115
3437 0.2159
3438 0.3155
3439 0.0510
3440 0.0715
3441 0.0948
3442 0.3852
3443 0.2134
3444 0.3678
3445 0.1759
3446 0.0598
3447 0.0478
3448 0.1281
3449 0.0616
3450 0.2601
3451 0.1100
3452 0.1047
3453 0.1550
3454 0.1366
3455 0.0867
3456 0.1235
3457 0.2346
3458 0.1025
3459 0.3297
3460 0.1975
3461 0.7507
3462 0.1651
3463 0.2197
3464 0.2882
3465 0.0905
3466 0.1205
3467 0.0929
3468 0.1201
3469 0.0501
3470 0.0552
3471 0.1759
3472 0.0320
3473 0.1748
3474 0.2833
3475 0.2901
3476 0.2257
3477 0.0895
3478 0.1131
3479 0.2598
3480 0.0628
3481 0.0971
3482 0.0447
3483 0.4103
3484 0.0629
3485 0.3247
3486 0.0281
3487 0.3491
3488 0.1263
3489 0.0564
3490 0.0650
3491 0.0877
3492 0.0615
3493 0.0750
3494 0.2102
3495 0.1756
3496 0.1535
3497 0.3402
3498 0.1779
3499 0.0664
3500 0.1361
3501 0.1156
3502 0.1256
3503 0.1665
3504 0.0760
3505 0.0876
3506 0.2894
3507 0.1531
3508 0.2188
3509 0.0693
3510 0.0874
3511 0.1500
3512 0.0914
3513 0.0391
3514 0.2051
3515 0.1159
3516 0.2957
3517 0.1202
3518 0.0592
3519 0.2772
3520 0.1202
3521 0.1351
3522 0.1714
3523 0.1362
3524 0.1252
3525 0.0610
3526 0.1500
3527 0.1424
3528 0.0723
3529 0.2201
3530 0.1475
3531 0.1446
3532 0.1012
3533 0.0195
3534 0.0498
3535 0.0570
3536 0.1103
3537 0.2254
3538 0.1186
3539 0.1172
3540 0.1159
3541 0.0502
3542 0.0729
3543 0.3480
3544 0.4152
3545 0.1811
3546 0.0717
3547 0.0887
3548 0.0497
3549 0.2314
3550 0.3010
3551 0.1330
3552 0.0399
3553 0.0841
3554 0.3299
3555 0.1476
3556 0.2684
3557 0.0847
3558 0.0795
3559 0.1501
3560 0.0742
3561 0.2455
3562 0.0832
3563 0.0546
3564 0.1290
3565 0.4965
3566 0.1806
3567 0.0654
3568 0.1675
3569 0.3494
3570 0.1347
3571 0.3173
3572 0.1496
3573 0.1157
3574 0.0591
3575 0.2774
3576 0.0657
3577 0.1406
3578 0.0766
3579 0.1052
3580 0.0776
3581 0.2640
3582 0.0901
3583 0.0464
3584 0.0834
3585 0.3352
3586 0.1589
3587 0.0452
3588 0.4723
3589 0.0431
3590 0.0365
3591 0.2034
3592 0.1181
3593 0.1829
3594 0.0838
3595 0.0422
3596 0.1557
3597 0.2375
3598 0.1836
3599 0.5600
3600 0.2616
3601 0.2414
3602 0.2136
3603 0.0977
3604 0.0940
3605 0.1370
3606 0.1438
3607 0.0296
3608 0.0502
3609 0.1711
3610 0.0414
3611 0.0390
3612 0.1004
3613 0.0960
3614 0.0242
3615 0.1119
3616 0.1942
3617 0.0447
3618 0.1479
3619 0.1217
3620 0.1796
3621 0.0924
3622 0.0944
3623 0.1788
3624 0.0541
3625 0.3361
3626 0.2977
3627 0.1417
3628 0.1328
3629 0.1956
3630 0.0439
3631 0.0640
3632 0.2889
3633 0.1617
3634 0.0931
3635 0.1031
3636 0.1229
3637 0.2695
3638 0.1055
3639 0.2713
3640 0.2070
3641 0.0465
3642 0.0760
3643 0.2958
3644 0.2580
3645 0.1699
3646 0.1756
3647 0.0628
3648 0.2410
3649 0.1389
3650 0.2492
3651 0.1165
3652 0.1096
3653 0.1132
3654 0.0268
3655 0.2422
3656 0.1155
3657 0.1026
3658 0.0462
3659 0.0579
3660 0.3750
3661 0.3534
3662 0.0913
3663 0.1459
3664 0.0636
3665 0.2015
3666 0.0707
3667 0.1118
3668 0.0499
3669 0.1598
3670 0.1339
3671 0.0600
3672 0.0659
3673 0.1265
3674 0.1821
3675 0.1229
3676 0.1136
3677 0.3837
3678 0.0225
3679 0.0577
3680 0.2217
3681 0.2238
3682 0.1019
3683 0.1795
3684 0.1164
3685 0.0361
3686 0.0776
3687 0.1516
3688 0.1270
3689 0.1188
3690 0.2605
3691 0.0907
3692 0.0752
3693 0.1267
3694 0.1976
3695 0.1762
3696 0.1213
3697 0.1637
3698 0.2149
3699 0.0575
3700 0.1741
3701 0.0425
3702 0.0299
3703 0.0943
3704 0.1533
3705 0.0746
3706 0.1734
3707 0.0983
3708 0.1338
3709 0.1453
3710 0.0409
3711 0.0648
3712 0.1045
3713 0.1299
3714 0.3002
3715 0.1468
3716 0.1711
3717 0.1866
3718 0.5522
3719 0.0737
3720 0.2232
3721 0.1017
3722 0.0791
3723 0.0187
3724 0.2081
3725 0.2566
3726 0.0817
3727 0.2215
3728 0.0228
3729 0.0532
3730 0.0580
3731 0.1513
3732 0.1110
3733 0.0313
3734 0.2390
3735 0.1003
3736 0.0660
3737 0.0745
3738 0.0624
3739 0.0815
3740 0.0176
3741 0.0718
3742 0.1960
3743 0.0817
3744 0.1366
3745 0.0261
3746 0.2560
3747 0.1027
3748 0.1460
3749 0.0546
3750 0.1969
3751 0.0615
3752 0.2403
3753 0.2612
3754 0.0387
3755 0.0795
3756 0.1447
3757 0.1556
3758 0.0614
3759 0.1284
3760 0.0846
3761 0.1880
3762 0.0870
3763 0.1888
3764 0.2948
3765 0.1695
3766 0.2622
3767 0.2037
3768 0.0401
3769 0.0783
3770 0.2243
3771 0.2177
3772 0.1036
3773 0.0694
3774 0.3508
3775 0.1757
3776 0.0601
3777 0.2139
3778 0.1010
3779 0.2023
3780 0.1282
3781 0.1290
3782 0.1339
3783 0.0614
3784 0.0559
3785 0.1087
3786 0.3747
3787 0.2043
3788 0.1542
3789 0.1893
3790 0.0723
3791 0.1173
3792 0.1337
3793 0.1155
3794 0.2613
3795 0.0269
3796 0.0430
3797 0.0878
3798 0.0728
3799 0.1326
3800 0.1500
3801 0.1777
3802 0.0832
3803 0.0520
3804 0.0645
3805 0.0652
3806 0.1461
3807 0.0292
3808 0.3583
3809 0.2488
3810 0.1818
3811 0.0395
3812 0.1686
3813 0.0877
3814 0.0636
3815 0.2157
3816 0.0723
3817 0.2628
3818 0.0158
3819 0.1204
3820 0.1203
3821 0.1013
3822 0.0400
3823 0.0323
3824 0.1711
3825 0.1268
3826 0.0690
3827 0.0400
3828 0.1311
3829 0.1021
3830 0.1625
3831 0.0495
3832 0.2542
3833 0.1158
3834 0.0868
3835 0.1051
3836 0.0687
3837 0.0974
3838 0.0614
3839 0.1418
3840 0.0746
3841 0.0558
3842 0.0665
3843 0.2129
3844 0.2035
3845 0.1583
3846 0.3833
3847 0.1089
3848 0.0358
3849 0.2119
3850 0.1939
3851 0.3242
3852 0.0882
3853 0.0534
3854 0.0233
3855 0.3218
3856 0.0606
3857 0.2527
3858 0.1203
3859 0.0258
3860 0.0899
3861 0.1430
3862 0.2764
3863 0.3021
3864 0.0612
3865 0.0873
3866 0.0947
3867 0.1223
3868 0.0965
3869 0.1130
3870 0.7953
3871 0.0628
3872 0.0939
3873 0.1040
3874 0.2564
3875 0.0981
3876 0.2469
3877 0.1695
3878 0.2129
3879 0.2244
3880 0.1260
3881 0.0724
3882 0.0681
3883 0.1129
3884 0.1258
3885 0.2846
3886 0.2884
3887 0.0779
3888 0.0518
3889 0.4457
3890 0.0972
3891 0.2834
3892 0.0853
3893 0.0429
3894 0.1677
3895 0.1474
3896 0.3061
3897 0.0831
3898 0.0827
3899 0.0898
3900 0.0697
3901 0.2292
3902 0.0947
3903 0.3337
3904 0.0575
3905 0.1323
3906 0.2080
3907 0.1608
3908 0.3159
3909 0.2548
3910 0.1031
3911 0.1320
3912 0.1072
3913 0.0594
3914 0.0517
3915 0.1002
3916 0.1068
3917 0.0719
3918 0.1853
3919 0.0559
3920 0.1922
3921 0.1603
3922 0.1912
3923 0.3302
3924 0.1331
3925 0.0992
3926 0.0878
3927 0.0396
3928 0.1507
3929 0.1828
3930 0.2531
3931 0.0710
3932 0.0818
3933 0.0236
3934 0.1469
3935 0.1302
3936 0.1068
3937 0.1549
3938 0.1819
3939 0.4097
3940 0.3346
3941 0.0543
3942 0.1331
3943 0.1837
3944 0.2317
3945 0.1708
3946 0.1056
3947 0.0617
3948 0.0461
3949 0.0305
3950 0.0507
3951 0.3509
3952 0.0435
3953 0.3007
3954 0.2663
3955 0.2290
3956 0.1093
3957 0.0959
3958 0.0600
3959 0.0337
3960 0.1819
3961 0.4034
3962 0.1140
3963 0.1292
3964 0.0753
3965 0.1521
3966 0.2273
3967 0.0437
3968 0.2843
3969 0.0321
3970 0.5438
3971 0.1163
3972 0.0624
3973 0.0920
3974 0.0901
3975 0.0990
3976 0.2883
3977 0.1405
3978 0.0450
3979 0.0853
3980 0.2023
3981 0.2196
3982 0.1845
3983 0.0864
3984 0.1082
3985 0.3155
3986 0.1463
3987 0.1329
3988 0.1235
3989 0.1565
3990 0.0449
3991 0.1460
3992 0.1013
3993 0.0677
3994 0.1082
3995 0.2884
3996 0.0475
3997 0.1424
3998 0.0157
3999 0.1775
4000 0.2448
4001 0.1532
4002 0.0596
4003 0.0911
4004 0.1684
4005 0.2478
4006 0.0523
4007 0.1720
4008 0.1312
4009 0.1933
4010 0.0341
4011 0.2011
4012 0.2848
4013 0.0974
4014 0.1296
4015 0.1461
4016 0.0331
4017 0.0923
4018 0.0824
4019 0.0686
4020 0.2475
4021 0.0746
4022 0.5640
4023 0.2196
4024 0.1053
4025 0.1256
4026 0.2044
4027 0.2112
4028 0.0684
4029 0.1698
4030 0.0149
4031 0.1640
4032 0.1906
4033 0.0600
4034 0.1259
4035 0.0992
4036 0.0755
4037 0.1083
4038 0.1104
4039 0.0868
4040 0.1233
4041 0.6594
4042 0.1782
4043 0.1710
4044 0.1810
4045 0.0820
4046 0.2216
4047 0.0734
4048 0.0381
4049 0.0601
4050 0.1398
4051 0.1838
4052 0.2941
4053 0.1189
4054 0.0839
4055 0.1469
4056 0.0631
4057 0.2627
4058 0.1102
4059 0.0729
4060 0.1697
4061 0.3384
4062 0.3363
4063 0.0502
4064 0.0662
4065 0.0725
4066 0.0825
4067 0.1957
4068 0.0584
4069 0.2074
4070 0.1519
4071 0.2078
4072 0.0729
4073 0.2494
4074 0.6930
4075 0.0563
4076 0.0286
4077 0.0885
4078 0.1627
4079 0.0576
4080 0.1996
4081 0.0781
4082 0.0883
4083 0.1150
4084 0.0977
4085 0.1030
4086 0.1706
4087 0.1217
4088 0.4294
4089 0.1190
4090 0.0666
4091 0.0908
4092 0.0571
4093 0.2274
4094 0.1620
4095 0.1216
4096 0.2082
4097 0.0372
4098 0.1071
4099 0.2763
4100 0.1053
4101 0.1496
4102 0.0401
4103 0.0536
4104 0.1571
4105 0.2155
4106 0.0655
4107 0.1466
4108 0.1373
4109 0.0888
4110 0.2780
4111 0.2397
4112 0.1814
4113 0.0258
4114 0.1867
4115 0.1233
4116 0.1476
4117 0.2054
4118 0.2334
4119 0.2569
4120 0.0447
4121 0.3265
4122 0.0844
4123 0.1430
4124 0.0581
4125 0.0942
4126 0.1474
4127 0.0661
4128 0.0447
4129 0.1590
4130 0.1726
4131 0.1034
4132 0.1075
4133 0.1596
4134 0.1397
4135 0.0374
4136 0.1589
4137 0.2955
4138 0.1015
4139 0.1255
4140 0.3337
4141 0.1599
4142 0.1330
4143 0.0881
4144 0.0685
4145 0.0910
4146 0.0199
4147 0.1336
4148 0.0328
4149 0.0908
4150 0.1172
4151 0.2262
4152 0.0742
4153 0.0852
4154 0.0588
4155 0.0764
4156 0.0401
4157 0.1989
4158 0.0689
4159 0.0766
4160 0.1258
4161 0.1359
4162 0.3282
4163 0.0591
4164 0.0727
4165 0.0403
4166 0.0246
4167 0.0479
4168 0.2446
4169 0.1341
4170 0.0457
4171 0.0665
4172 0.0624
4173 0.0199
4174 0.0473
4175 0.0505
4176 0.1836
4177 0.1180
4178 0.0470
4179 0.0338
4180 0.0751
4181 0.3394
4182 0.0753
4183 0.1871
4184 0.0503
4185 0.1418
4186 0.0696
4187 0.0673
4188 0.1445
4189 0.1410
4190 0.0484
4191 0.0284
4192 0.1925
4193 0.1451
4194 0.1292
4195 0.0541
4196 0.1073
4197 0.1182
4198 0.2561
4199 0.0476
4200 0.0409
4201 0.0805
4202 0.1790
4203 0.1526
4204 0.1758
4205 0.0653
4206 0.0944
4207 0.0362
4208 0.3923
4209 0.1526
4210 0.3200
4211 0.2973
4212 0.0294
4213 0.0670
4214 0.1306
4215 0.0759
4216 0.1321
4217 0.0781
4218 0.1112
4219 0.1153
4220 0.2155
4221 0.1534
4222 0.3834
4223 0.0677
4224 0.1672
4225 0.2076
4226 0.1549
4227 0.0893
4228 0.0512
4229 0.1320
4230 0.0881
4231 0.1373
4232 0.2476
4233 0.1190
4234 0.1823
4235 0.1071
4236 0.1291
4237 0.1097
4238 0.0520
4239 0.0548
4240 0.1439
4241 0.2833
4242 0.2651
4243 0.0844
4244 0.0830
4245 0.0422
4246 0.0632
4247 0.1439
4248 0.2063
4249 0.1486
4250 0.0273
4251 0.2129
4252 0.0740
4253 0.0963
4254 0.4175
4255 0.1486
4256 0.2473
4257 0.4194
4258 0.0551
4259 0.2083
4260 0.1055
4261 0.0809
4262 0.0528
4263 0.1304
4264 0.0215
4265 0.1864
4266 0.0933
4267 0.1101
4268 0.1122
4269 0.0906
4270 0.2949
4271 0.2170
4272 0.0652
4273 0.5494
4274 0.0418
4275 0.5267
4276 0.1337
4277 0.0740
4278 0.0996
4279 0.0528
4280 0.2147
4281 0.1495
4282 0.0315
4283 0.1255
4284 0.2804
4285 0.1055
4286 0.1457
4287 0.0993
4288 0.0865
4289 0.0258
4290 0.0742
4291 0.1978
4292 0.1957
4293 0.0550
4294 0.0296
4295 0.0373
4296 0.1747
4297 0.2863
4298 0.0781
4299 0.1146
4300 0.1703
4301 0.1814
4302 0.1429
4303 0.0613
4304 0.1267
4305 0.1482
4306 0.0906
4307 0.0684
4308 0.1940
4309 0.1049
4310 0.1599
4311 0.1388
4312 0.2555
4313 0.1512
4314 0.0630
4315 0.1435
4316 0.0908
4317 0.0570
4318 0.0391
4319 0.1343
4320 0.0349
4321 0.0618
4322 0.1056
4323 0.0640
4324 0.1654
4325 0.0736
4326 0.1820
4327 0.2533
4328 0.0472
4329 0.1369
4330 0.0674
4331 0.0440
4332 0.0309
4333 0.1755
4334 0.1585
4335 0.4066
4336 0.2077
4337 0.2451
4338 0.0355
4339 0.0809
4340 0.2630
4341 0.0357
4342 0.0946
4343 0.1466
4344 0.1870
4345 0.2904
4346 0.0941
4347 0.0814
4348 0.1578
4349 0.0696
4350 0.2943
4351 0.3424
4352 0.1633
4353 0.1246
4354 0.3171
4355 0.1205
4356 0.1887
4357 0.1183
4358 0.1149
4359 0.3040
4360 0.0864
4361 0.0524
4362 0.0604
4363 0.1204
4364 0.0973
4365 0.1181
4366 0.0324
4367 0.1588
4368 0.1685
4369 0.4016
4370 0.1510
4371 0.3168
4372 0.2146
4373 0.1162
4374 0.0630
4375 0.1624
4376 0.0915
4377 0.1622
4378 0.1422
4379 0.3109
4380 0.0610
4381 0.0245
4382 0.0293
4383 0.0515
4384 0.1003
4385 0.0563
4386 0.0904
4387 0.0608
4388 0.0609
4389 0.0999
4390 0.2335
4391 0.1634
4392 0.1607
4393 0.0960
4394 0.2026
4395 0.1989
4396 0.4540
4397 0.0500
4398 0.0908
4399 0.1117
4400 0.0591
4401 0.0223
4402 0.0791
4403 0.1675
4404 0.1968
4405 0.0601
4406 0.2799
4407 0.0710
4408 0.1411
4409 0.3044
4410 0.0919
4411 0.2191
4412 0.0564
4413 0.0756
4414 0.0151
4415 0.2153
4416 0.1253
4417 0.1898
4418 0.1295
4419 0.2473
4420 0.0337
4421 0.1093
4422 0.0732
4423 0.3144
4424 0.1729
4425 0.0553
4426 0.0887
4427 0.0362
4428 0.0724
4429 0.1430
4430 0.0750
4431 0.1192
4432 0.2175
4433 0.2290
4434 0.1220
4435 0.4145
4436 0.1614
4437 0.0699
4438 0.0532
4439 0.0779
4440 0.1495
4441 0.1235
4442 0.0958
4443 0.1552
4444 0.0633
4445 0.1227
4446 0.0850
4447 0.0707
4448 0.0578
4449 0.1596
4450 0.0719
4451 0.3405
4452 0.1319
4453 0.1710
4454 0.0929
4455 0.0776
4456 0.0875
4457 0.0383
4458 0.1303
4459 0.1084
4460 0.0316
4461 0.2544
4462 0.1664
4463 0.3189
4464 0.0870
4465 0.0570
4466 0.2649
4467 0.0820
4468 0.0553
4469 0.0320
4470 0.0398
4471 0.1472
4472 0.0439
4473 0.2950
4474 0.1376
4475 0.3684
4476 0.0508
4477 0.2432
4478 0.2015
4479 0.1533
4480 0.0209
4481 0.1706
4482 0.2299
4483 0.1121
4484 0.1541
4485 0.0964
4486 0.0805
4487 0.0766
4488 0.3522
4489 0.0748
4490 0.0611
4491 0.0876
4492 0.1460
4493 0.2563
4494 0.0555
4495 0.1133
4496 0.1615
4497 0.4475
4498 0.1340
4499 0.1628
4500 0.2518
4501 0.0433
4502 0.2001
4503 0.0287
4504 0.1680
4505 0.1146
4506 0.0488
4507 0.1301
4508 0.2122
4509 0.2451
4510 0.0640
4511 0.1884
4512 0.1023
4513 0.1072
4514 0.1781
4515 0.0644
4516 0.0801
4517 0.0941
4518 0.1715
4519 0.1095
4520 0.1326
4521 0.1131
4522 0.0602
4523 0.1066
4524 0.0464
4525 0.0486
4526 0.1199
4527 0.0348
4528 0.1615
4529 0.1049
4530 0.1267
4531 0.0604
4532 0.2921
4533 0.1331
4534 0.6334
4535 0.1098
4536 0.0955
4537 0.1236
4538 0.1538
4539 0.0359
4540 0.1307
4541 0.0946
4542 0.0732
4543 0.1160
4544 0.1821
4545 0.0393
4546 0.0182
4547 0.1952
4548 0.0422
4549 0.0946
4550 0.1085
4551 0.1520
4552 0.0376
4553 0.2353
4554 0.2035
4555 0.0535
4556 0.1025
4557 0.0689
4558 0.3482
4559 0.2040
4560 0.0456
4561 0.2051
4562 0.0580
4563 0.0927
4564 0.1546
4565 0.0115
4566 0.1344
4567 0.1470
4568 0.1267
4569 0.1086
4570 0.0384
4571 0.1105
4572 0.0842
4573 0.1152
4574 0.0643
4575 0.2030
4576 0.1485
4577 0.1089
4578 0.0304
4579 0.0217
4580 0.2828
4581 0.1337
4582 0.1658
4583 0.0736
4584 0.1100
4585 0.3283
4586 0.0952
4587 0.2119
4588 0.0497
4589 0.5149
4590 0.1137
4591 0.1536
4592 0.1052
4593 0.1916
4594 0.1215
4595 0.1840
4596 0.0714
4597 0.0308
4598 0.0926
4599 0.1899
4600 0.1021
4601 0.1278
4602 0.0544
4603 0.1562
4604 0.0718
4605 0.1036
4606 0.0833
4607 0.0436
4608 0.0610
4609 0.2482
4610 0.1076
4611 0.0653
4612 0.1022
4613 0.2466
4614 0.1089
4615 0.0472
4616 0.0969
4617 0.1007
4618 0.1432
4619 0.1758
4620 0.0408
4621 0.0222
4622 0.0333
4623 0.0400
4624 0.2277
4625 0.0937
4626 0.0510
4627 0.0855
4628 0.2627
4629 0.2488
4630 0.2505
4631 0.2343
4632 0.1663
4633 0.0995
4634 0.1648
4635 0.0418
4636 0.0929
4637 0.1152
4638 0.1023
4639 0.0684
4640 0.1616
4641 0.1183
4642 0.1896
4643 0.1030
4644 0.4511
4645 0.2212
4646 0.0628
4647 0.0289
4648 0.1770
4649 0.2506
4650 0.1517
4651 0.2865
4652 0.0905
4653 0.1166
4654 0.1927
4655 0.0791
4656 0.1199
4657 0.0505
4658 0.3012
4659 0.0293
4660 0.0976
4661 0.0528
4662 0.0594
4663 0.1301
4664 0.0445
4665 0.0450
4666 0.4555
4667 0.0291
4668 0.0670
4669 0.1308
4670 0.0268
4671 0.0324
4672 0.0228
4673 0.0661
4674 0.3396
4675 0.0705
4676 0.0691
4677 0.0461
4678 0.0639
4679 0.1133
4680 0.0246
4681 0.1379
4682 0.2232
4683 0.3714
4684 0.3219
4685 0.0433
4686 0.0410
4687 0.0654
4688 0.1168
4689 0.4000
4690 0.2582
4691 0.0266
4692 0.0536
4693 0.0570
4694 0.1223
4695 0.2399
4696 0.0650
4697 0.1320
4698 0.3007
4699 0.2499
4700 0.0961
4701 0.1144
4702 0.1249
4703 0.0480
4704 0.1913
4705 0.2570
4706 0.0684
4707 0.2100
4708 0.0546
4709 0.1041
4710 0.1296
4711 0.2883
4712 0.1174
4713 0.1179
4714 0.1905
4715 0.0840
4716 0.4760
4717 0.0868
4718 0.1736
4719 0.0411
4720 0.0866
4721 0.2574
4722 0.0858
4723 0.0873
4724 0.0693
4725 0.1477
4726 0.1266
4727 0.3843
4728 0.2144
4729 0.1010
4730 0.0696
4731 0.0612
4732 0.1262
4733 0.3163
4734 0.0528
4735 0.2271
4736 0.5192
4737 0.0635
4738 0.0928
4739 0.0708
4740 0.0718
4741 0.0695
4742 0.0098
4743 0.0935
4744 0.0850
4745 0.0639
4746 0.1449
4747 0.0316
4748 0.0781
4749 0.1137
4750 0.0575
4751 0.0951
4752 0.2280
4753 0.3309
4754 0.1481
4755 0.1788
4756 0.1947
4757 0.0728
4758 0.1662
4759 0.1930
4760 0.0959
4761 0.3082
4762 0.2082
4763 0.0564
4764 0.1298
4765 0.1772
4766 0.0957
4767 0.1042
4768 0.0871
4769 0.3445
4770 0.1775
4771 0.0792
4772 0.0443
4773 0.0457
4774 0.1056
4775 0.0503
4776 0.1447
4777 0.1654
4778 0.0506
4779 0.0866
4780 0.2161
4781 0.1061
4782 0.0842
4783 0.1760
4784 0.1485
4785 0.1965
4786 0.1587
4787 0.1012
4788 0.1733
4789 0.0358
4790 0.2544
4791 0.2042
4792 0.0443
4793 0.0215
4794 0.0905
4795 0.0254
4796 0.1539
4797 0.2099
4798 0.0381
4799 0.0757
4800 0.0513
4801 0.0604
4802 0.0591
4803 0.2313
4804 0.0498
4805 0.0492
4806 0.2611
4807 0.0471
4808 0.0811
4809 0.0566
4810 0.1609
4811 0.2719
4812 0.1371
4813 0.2589
4814 0.2912
4815 0.1196
4816 0.0896
4817 0.4875
4818 0.4093
4819 0.1421
4820 0.2922
4821 0.0350
4822 0.2767
4823 0.1393
4824 0.0718
4825 0.0557
4826 0.0773
4827 0.1589
4828 0.2736
4829 0.0350
4830 0.1189
4831 0.1635
4832 0.0951
4833 0.0394
4834 0.1084
4835 0.2766
4836 0.1112
4837 0.1206
4838 0.0436
4839 0.1499
4840 0.0575
4841 0.0905
4842 0.1438
4843 0.2860
4844 0.1603
4845 0.0705
4846 0.1595
4847 0.1582
4848 0.1122
4849 0.0412
4850 0.0683
4851 0.0211
4852 0.3778
4853 0.0630
4854 0.1948
4855 0.1438
4856 0.0822
4857 0.1135
4858 0.0804
4859 0.0393
4860 0.1042
4861 0.0369
4862 0.1467
4863 0.0597
4864 0.0923
4865 0.1801
4866 0.0328
4867 0.0866
4868 0.0694
4869 0.0865
4870 0.1298
4871 0.1608
4872 0.1655
4873 0.0482
4874 0.3041
4875 0.2698
4876 0.2731
4877 0.3327
4878 0.0972
4879 0.1701
4880 0.1661
4881 0.2881
4882 0.0890
4883 0.2000
4884 0.1841
4885 0.0564
4886 0.0450
4887 0.1581
4888 0.0814
4889 0.0555
4890 0.1672
4891 0.1192
4892 0.4506
4893 0.2427
4894 0.1707
4895 0.1918
4896 0.1005
4897 0.1385
4898 0.1637
4899 0.5123
4900 0.3804
4901 0.0641
4902 0.0925
4903 0.0572
4904 0.2055
4905 0.3260
4906 0.0345
4907 0.2925
4908 0.0829
4909 0.4092
4910 0.0648
4911 0.0701
4912 0.1017
4913 0.2042
4914 0.0601
4915 0.0898
4916 0.0663
4917 0.1865
4918 0.1893
4919 0.0844
4920 0.2623
4921 0.0787
4922 0.1420
4923 0.0647
4924 0.0823
4925 0.1296
4926 0.1296
4927 0.1716
4928 0.0260
4929 0.0385
4930 0.1236
4931 0.0234
4932 0.3734
4933 0.1506
4934 0.2899
4935 0.0107
4936 0.0287
4937 0.2457
4938 0.0386
4939 0.0590
4940 0.1274
4941 0.1320
4942 0.1627
4943 0.0632
4944 0.1564
4945 0.1622
4946 0.0675
4947 0.4104
4948 0.3037
4949 0.2314
4950 0.1540
4951 0.1380
4952 0.0926
4953 0.3165
4954 0.0726
4955 0.2412
4956 0.2666
4957 0.0296
4958 0.0570
4959 0.0771
4960 0.0284
4961 0.1456
4962 0.1951
4963 0.1183
4964 0.0675
4965 0.0556
4966 0.1517
4967 0.2057
4968 0.0235
4969 0.2421
4970 0.3399
4971 0.0648
4972 0.1101
4973 0.0142
4974 0.0528
4975 0.1103
4976 0.2616
4977 0.2604
4978 0.0265
4979 0.0650
4980 0.0990
4981 0.1384
4982 0.1987
4983 0.2821
4984 0.0784
4985 0.0535
4986 0.0513
4987 0.2134
4988 0.5566
4989 0.1094
4990 0.0977
4991 0.0914
4992 0.0973
4993 0.1495
4994 0.0506
4995 0.0675
4996 0.0539
4997 0.2242
4998 0.0623
4999 0.1476
5000 0.2246
