1 1.3895
2 1.3065
3 1.3088
4 1.2419
5 1.3507
6 1.1366
7 1.0798
8 1.1687
9 1.1439
10 0.9972
11 1.1908
12 1.0494
13 1.1037
14 1.0386
15 1.0735
16 1.1938
17 1.1554
18 1.1576
19 1.1532
20 1.2635
21 1.0105
22 1.0894
23 0.8772
24 1.1874
25 0.9900
26 1.2991
27 0.9191
28 1.2255
29 1.1323
30 1.3159
31 1.0333
32 1.1225
33 0.9133
34 1.2298
35 1.0682
36 0.9701
37 1.4397
38 1.0654
39 1.0795
40 0.9848
41 1.0371
42 1.0114
43 1.1277
44 1.0480
45 0.9366
46 1.0102
47 1.0668
48 0.8931
49 1.4348
50 1.1760
51 1.0720
52 1.0898
53 1.1038
54 1.0285
55 1.1623
56 1.0727
57 1.0451
58 1.1545
59 1.1073
60 0.9196
61 0.9515
62 1.0079
63 0.9710
64 1.1383
65 1.0904
66 1.1351
67 0.9813
68 0.9845
69 0.9427
70 1.0104
71 1.0214
72 0.8029
73 1.4222
74 0.9215
75 0.9901
76 1.1467
77 1.0246
78 1.0655
79 1.0412
80 0.8981
81 1.0145
82 0.9305
83 1.1045
84 1.0117
85 1.0007
86 1.0668
87 0.9636
88 0.9759
89 1.1505
90 0.9728
91 1.0181
92 0.9040
93 1.0591
94 1.0512
95 1.0696
96 1.0008
97 1.0231
98 0.8899
99 0.7953
100 0.8602
101 0.8930
102 1.2245
103 1.1146
104 1.2026
105 0.9850
106 1.0959
107 1.0052
108 0.9269
109 0.8949
110 0.9438
111 0.9580
112 0.9633
113 0.7568
114 1.0502
115 0.9543
116 0.9944
117 0.9038
118 0.8098
119 0.9328
120 0.9636
121 1.0680
122 0.8886
123 0.9242
124 0.8983
125 0.8272
126 0.7938
127 0.7377
128 0.8521
129 0.9133
130 0.7984
131 1.0690
132 1.0684
133 0.9804
134 0.8341
135 1.0144
136 0.7874
137 0.7801
138 0.7933
139 0.7657
140 0.8681
141 0.8859
142 0.7717
143 0.9246
144 0.7393
145 0.6411
146 0.8834
147 0.8495
148 0.7532
149 0.7633
150 0.8742
151 0.7323
152 0.6685
153 0.8905
154 0.7776
155 0.7630
156 0.8367
157 0.7301
158 0.6766
159 0.7202
160 0.8032
161 0.8885
162 0.7189
163 0.6970
164 0.7473
165 0.7568
166 0.8177
167 0.7037
168 0.9733
169 0.6862
170 0.7461
171 0.6344
172 0.7486
173 0.8649
174 0.8401
175 0.7734
176 0.8046
177 0.9071
178 0.8286
179 0.8501
180 0.8165
181 0.8227
182 0.8373
183 0.6031
184 0.6379
185 0.8036
186 0.6554
187 0.6517
188 0.6488
189 0.6666
190 0.7080
191 0.6578
192 0.6228
193 0.7249
194 0.6294
195 0.5847
196 0.7695
197 0.6265
198 0.8413
199 0.6358
200 0.7426
201 0.6897
202 0.6557
203 0.6360
204 0.5726
205 0.7378
206 0.6335
207 0.6862
208 0.7245
209 0.6294
210 0.5805
211 0.7125
212 0.7075
213 0.6544
214 0.7735
215 0.7150
216 0.7132
217 0.6911
218 0.7454
219 0.5465
220 0.6573
221 0.5820
222 0.6092
223 0.6626
224 0.7709
225 0.7313
226 0.7543
227 0.6007
228 0.6184
229 0.6944
230 0.5295
231 0.4731
232 0.6716
233 0.5651
234 0.5294
235 0.5402
236 0.5702
237 0.7344
238 0.6151
239 0.6004
240 0.5857
241 0.5947
242 0.4738
243 0.6707
244 0.4740
245 0.4312
246 0.4544
247 0.5830
248 0.6095
249 0.7018
250 0.6635
251 0.5246
252 0.6369
253 0.6966
254 0.8912
255 0.6218
256 0.5482
257 0.5695
258 0.5140
259 0.5656
260 0.5407
261 0.6994
262 0.5193
263 0.6627
264 0.5321
265 0.5018
266 0.4083
267 0.6327
268 0.5236
269 0.5266
270 0.5501
271 0.5274
272 0.5407
273 0.5827
274 0.4736
275 0.5229
276 0.5530
277 0.5059
278 0.5747
279 0.4977
280 0.5228
281 0.4275
282 0.4573
283 0.3919
284 0.6397
285 0.5249
286 0.5226
287 0.6080
288 0.6379
289 0.5223
290 0.6112
291 0.5627
292 0.5395
293 0.4735
294 0.3753
295 0.6322
296 0.6086
297 0.4919
298 0.5319
299 0.3765
300 0.3552
301 0.5626
302 0.6149
303 0.5471
304 0.4270
305 0.5414
306 0.3712
307 0.5144
308 0.4828
309 0.4987
310 0.4354
311 0.4622
312 0.5786
313 0.6237
314 0.6895
315 0.5600
316 0.7294
317 0.5390
318 0.4088
319 0.4541
320 0.5346
321 0.5934
322 0.6078
323 0.4389
324 0.5120
325 0.4537
326 0.4362
327 0.4795
328 0.5029
329 0.3338
330 0.4493
331 0.5344
332 0.5620
333 0.3468
334 0.4213
335 0.4751
336 0.5411
337 0.4788
338 0.4980
339 0.4570
340 0.4332
341 0.5006
342 0.4612
343 0.4391
344 0.3747
345 0.4232
346 0.4261
347 0.4142
348 0.3644
349 0.5605
350 0.4163
351 0.5051
352 0.4826
353 0.5077
354 0.4988
355 0.6079
356 0.3311
357 0.4082
358 0.3859
359 0.4337
360 0.2034
361 0.4484
362 0.4442
363 0.3444
364 0.3477
365 0.7534
366 0.3469
367 0.4540
368 0.3700
369 0.5169
370 0.3962
371 0.4889
372 0.6308
373 0.3321
374 0.5228
375 0.3752
376 0.4542
377 0.4034
378 0.4006
379 0.4524
380 0.4978
381 0.4560
382 0.3898
383 0.4461
384 0.3976
385 0.4434
386 0.3968
387 0.3449
388 0.4756
389 0.3422
390 0.4944
391 0.3032
392 0.2923
393 0.4761
394 0.3165
395 0.4726
396 0.6352
397 0.3260
398 0.4004
399 0.2874
400 0.3627
401 0.4753
402 0.3430
403 0.7042
404 0.9168
405 0.2772
406 0.6216
407 0.2575
408 0.5469
409 0.4123
410 0.3617
411 0.5437
412 0.4208
413 0.3951
414 0.4114
415 0.5255
416 0.4150
417 0.3407
418 0.4255
419 0.2997
420 0.4189
421 0.3657
422 0.3268
423 0.4217
424 0.3806
425 0.3893
426 0.3474
427 0.4135
428 0.4303
429 0.3282
430 0.3056
431 0.4980
432 0.4496
433 0.2883
434 0.3128
435 0.3939
436 0.4158
437 0.3345
438 0.4598
439 0.4001
440 0.3074
441 0.3141
442 0.2785
443 0.4113
444 0.4348
445 0.3958
446 0.3436
447 0.3816
448 0.4527
449 0.3339
450 0.3941
451 0.3098
452 0.3909
453 0.2532
454 0.3642
455 0.4620
456 0.2860
457 0.3389
458 0.3619
459 0.4222
460 0.2828
461 0.3348
462 0.3208
463 0.3451
464 0.4314
465 0.4263
466 0.3876
467 0.3172
468 0.4412
469 0.2915
470 0.3233
471 0.2497
472 0.5610
473 0.3677
474 0.3746
475 0.4154
476 0.2667
477 0.2915
478 0.3004
479 0.3533
480 0.2712
481 0.4849
482 0.4243
483 0.2104
484 0.4018
485 0.2717
486 0.3768
487 0.5453
488 0.3352
489 0.3694
490 0.3583
491 0.2777
492 0.3862
493 0.3017
494 0.2537
495 0.3571
496 0.2779
497 0.4910
498 0.4003
499 0.3891
500 0.4124
501 0.4286
502 0.3030
503 0.3951
504 0.4203
505 0.2874
506 0.4187
507 0.3963
508 0.4047
509 0.2558
510 0.4484
511 0.3286
512 0.3728
513 0.4157
514 0.2957
515 0.2883
516 0.2873
517 0.4295
518 0.3129
519 0.2215
520 0.4069
521 0.4312
522 0.3627
523 0.4084
524 0.4532
525 0.3908
526 0.3860
527 0.2978
528 0.3378
529 0.4577
530 0.2694
531 0.2371
532 0.2684
533 0.5681
534 0.3544
535 0.4545
536 0.6567
537 0.4314
538 0.3660
539 0.2374
540 0.2568
541 0.3108
542 0.4384
543 0.4761
544 0.3642
545 0.6208
546 0.3178
547 0.2571
548 0.2179
549 0.3243
550 0.2520
551 0.5969
552 0.3589
553 0.3044
554 0.3499
555 0.3091
556 0.3643
557 0.3602
558 0.4457
559 0.2893
560 0.2637
561 0.7134
562 0.3146
563 0.3563
564 0.2756
565 0.4166
566 0.2542
567 0.4373
568 0.2281
569 0.2166
570 0.3624
571 0.4389
572 0.3343
573 0.2916
574 0.3835
575 0.2361
576 0.5027
577 0.5111
578 0.2520
579 0.1629
580 0.2170
581 0.2995
582 0.2839
583 0.4996
584 0.2583
585 0.2477
586 0.2541
587 0.4007
588 0.2962
589 0.2953
590 0.4084
591 0.3193
592 0.3587
593 0.2865
594 0.2209
595 0.4391
596 0.3070
597 0.2232
598 0.4418
599 0.2301
600 0.4578
601 0.3308
602 0.2521
603 0.3068
604 0.2572
605 0.3430
606 0.2916
607 0.3278
608 0.4529
609 0.5903
610 0.2661
611 0.3171
612 0.2547
613 0.5862
614 0.3372
615 0.4071
616 0.2627
617 0.2174
618 0.2859
619 0.2798
620 0.2853
621 0.4211
622 0.2026
623 0.3671
624 0.2781
625 0.3273
626 0.2126
627 0.3623
628 0.2383
629 0.4284
630 0.4417
631 0.2135
632 0.4929
633 0.3370
634 0.2728
635 0.2978
636 0.3144
637 0.2662
638 0.2681
639 0.2860
640 0.3425
641 0.3315
642 0.2507
643 0.2825
644 0.2580
645 0.2829
646 0.5172
647 0.3179
648 0.1933
649 0.4109
650 0.1840
651 0.2269
652 0.2826
653 0.2092
654 0.2866
655 0.2325
656 0.2313
657 0.2888
658 0.2889
659 0.3824
660 0.2999
661 0.5317
662 0.3810
663 0.4069
664 0.2686
665 0.3110
666 0.4023
667 0.2354
668 0.2280
669 0.2844
670 0.3889
671 0.2266
672 0.3785
673 0.2022
674 0.4979
675 0.4680
676 0.2859
677 0.1953
678 0.2813
679 0.2455
680 0.3425
681 0.2199
682 0.2477
683 0.2798
684 0.2981
685 0.2634
686 0.2378
687 0.4558
688 0.2452
689 0.2854
690 0.2886
691 0.2527
692 0.2176
693 0.3688
694 0.2475
695 0.3304
696 0.3246
697 0.2350
698 0.3487
699 0.6956
700 0.2549
701 0.1959
702 0.3949
703 0.3609
704 0.4399
705 0.3103
706 0.2231
707 0.3531
708 0.2782
709 0.3713
710 0.2418
711 0.2308
712 0.2530
713 0.2239
714 0.2798
715 0.1720
716 0.2466
717 0.2539
718 0.2170
719 0.3015
720 0.2611
721 0.4036
722 0.2836
723 0.3676
724 0.1956
725 0.2985
726 0.2471
727 0.2382
728 0.3460
729 0.2795
730 0.3239
731 0.3456
732 0.1473
733 0.2828
734 0.2790
735 0.6704
736 0.2115
737 0.4296
738 0.2590
739 0.3323
740 0.4452
741 0.3227
742 0.3418
743 0.3488
744 0.2415
745 0.2309
746 0.2927
747 0.3494
748 0.3119
749 0.2289
750 0.2274
751 0.2080
752 0.4638
753 0.1754
754 0.2498
755 0.2674
756 0.3299
757 0.3731
758 0.2791
759 0.2080
760 0.2686
761 0.2993
762 0.3852
763 0.3184
764 0.4362
765 0.3017
766 0.4035
767 0.3229
768 0.2607
769 0.2826
770 0.3263
771 0.5991
772 0.2790
773 0.2196
774 0.2461
775 0.3134
776 0.1908
777 0.1722
778 0.4378
779 0.2210
780 0.2119
781 0.2812
782 0.3636
783 0.3593
784 0.2302
785 0.2731
786 0.2857
787 0.2423
788 0.3198
789 0.1781
790 0.1383
791 0.4150
792 0.3267
793 0.3146
794 0.2733
795 0.2081
796 0.2436
797 0.3080
798 0.1815
799 0.3103
800 0.2237
801 0.3477
802 0.2370
803 0.2519
804 0.2763
805 0.2181
806 0.2842
807 0.4080
808 0.3743
809 0.1883
810 0.0925
811 0.1764
812 0.1676
813 0.3190
814 0.2305
815 0.2576
816 0.2162
817 0.3227
818 0.1933
819 0.2838
820 0.1725
821 0.8628
822 0.2626
823 0.2503
824 0.3135
825 0.2758
826 0.3699
827 0.2782
828 0.1796
829 0.2066
830 0.2577
831 0.1848
832 0.2156
833 0.4091
834 0.1883
835 0.4224
836 0.1369
837 0.2337
838 0.2604
839 0.3797
840 0.2386
841 0.2531
842 0.3756
843 0.1936
844 0.2728
845 0.1889
846 0.3348
847 0.4000
848 0.3450
849 0.3716
850 0.3650
851 0.4733
852 0.2802
853 0.2390
854 0.3321
855 0.2319
856 0.4748
857 0.3351
858 0.2914
859 0.3947
860 0.2917
861 0.2432
862 0.1932
863 0.3175
864 0.1594
865 0.5226
866 0.2105
867 0.1870
868 0.3441
869 0.4530
870 0.1759
871 0.2957
872 0.2675
873 0.3932
874 0.1547
875 0.3519
876 0.2997
877 0.2008
878 0.4703
879 0.2668
880 0.2601
881 0.3186
882 0.2010
883 0.3221
884 0.4469
885 0.2000
886 0.2452
887 0.3017
888 0.5172
889 0.1561
890 0.1856
891 0.4508
892 0.2369
893 0.4769
894 0.1918
895 0.2422
896 0.1442
897 0.3204
898 0.1889
899 0.2886
900 0.1838
901 0.1756
902 0.2189
903 0.1235
904 0.3228
905 0.1524
906 0.4743
907 0.1875
908 0.2823
909 0.2919
910 0.3233
911 0.1408
912 0.2364
913 0.2868
914 0.1865
915 0.6750
916 0.1532
917 0.3280
918 0.1916
919 0.1962
920 0.2766
921 0.2996
922 0.2720
923 0.2113
924 0.1360
925 0.2997
926 0.2636
927 0.1636
928 0.3139
929 0.2683
930 0.2368
931 0.2027
932 0.2092
933 0.2473
934 0.2483
935 0.1759
936 0.1878
937 0.4500
938 0.1653
939 0.2150
940 0.2637
941 0.1887
942 0.2554
943 0.2232
944 0.1911
945 0.3486
946 0.2591
947 0.1832
948 0.2150
949 0.2790
950 0.2780
951 0.4276
952 0.5434
953 0.1598
954 0.4788
955 0.2733
956 0.1799
957 0.1917
958 0.2166
959 0.2568
960 0.1846
961 0.2715
962 0.1521
963 0.6175
964 0.1907
965 0.3695
966 0.3082
967 0.9654
968 0.3199
969 0.2436
970 0.3036
971 0.3178
972 0.4471
973 0.2849
974 0.2738
975 0.2918
976 0.3223
977 0.2672
978 0.2706
979 0.4433
980 0.2710
981 0.3347
982 0.3350
983 0.7768
984 0.3018
985 0.1740
986 0.3854
987 0.4219
988 0.1347
989 0.1878
990 0.1842
991 0.2406
992 0.2855
993 0.4728
994 0.4000
995 0.3402
996 0.2291
997 0.1888
998 0.2166
999 0.1838
1000 0.2438
1001 0.4531
1002 0.8410
1003 0.1304
1004 0.3123
1005 0.2469
1006 0.2325
1007 0.3794
1008 0.1557
1009 0.2566
1010 0.2893
1011 0.5145
1012 0.5536
1013 0.2766
1014 0.3994
1015 0.3171
1016 0.3875
1017 0.1972
1018 0.2707
1019 0.1705
1020 0.1752
1021 0.3126
1022 0.2822
1023 0.2849
1024 0.3310
1025 0.1901
1026 0.1756
1027 0.2889
1028 0.2460
1029 0.1631
1030 0.3069
1031 0.2070
1032 0.3469
1033 0.2582
1034 0.2374
1035 0.4761
1036 0.1287
1037 0.3821
1038 0.1929
1039 0.3310
1040 0.2698
1041 0.1643
1042 0.1759
1043 0.2782
1044 0.1284
1045 0.2284
1046 0.2660
1047 0.3034
1048 0.2317
1049 0.2030
1050 0.3338
1051 0.3735
1052 0.3170
1053 0.2256
1054 0.1142
1055 0.1819
1056 0.3001
1057 0.3863
1058 0.2558
1059 0.2537
1060 0.3857
1061 0.3800
1062 0.1256
1063 0.2108
1064 0.3144
1065 0.2004
1066 0.2106
1067 0.1871
1068 0.2461
1069 0.2637
1070 0.1618
1071 0.2109
1072 0.1682
1073 0.3493
1074 0.2944
1075 0.2136
1076 0.2478
1077 0.2871
1078 0.5362
1079 0.4408
1080 0.2058
1081 0.2644
1082 0.2995
1083 0.3726
1084 0.1833
1085 0.2319
1086 0.2466
1087 0.3217
1088 0.2417
1089 0.4412
1090 0.3066
1091 0.1054
1092 0.3147
1093 0.1692
1094 0.2483
1095 0.5443
1096 0.3079
1097 0.2629
1098 0.3344
1099 0.4693
1100 0.4333
1101 0.0957
1102 0.1403
1103 0.2762
1104 0.1473
1105 0.3095
1106 0.2570
1107 0.3269
1108 0.2033
1109 0.2491
1110 0.1423
1111 0.4332
1112 0.1385
1113 0.3350
1114 0.1564
1115 0.2873
1116 0.2528
1117 0.3139
1118 0.2569
1119 0.1487
1120 0.2482
1121 0.4333
1122 0.2170
1123 0.2618
1124 0.2741
1125 0.2861
1126 0.2319
1127 0.2353
1128 0.3193
1129 0.2580
1130 0.2438
1131 0.1384
1132 0.2891
1133 0.1645
1134 0.1772
1135 0.5672
1136 0.2295
1137 0.1526
1138 0.3358
1139 0.2917
1140 0.1870
1141 0.3482
1142 0.2365
1143 0.1735
1144 0.2906
1145 0.3553
1146 0.3577
1147 0.1221
1148 0.2300
1149 0.3190
1150 0.3300
1151 0.4433
1152 0.4915
1153 0.1929
1154 0.1529
1155 0.4814
1156 0.2044
1157 0.3379
1158 0.3295
1159 0.2492
1160 0.2226
1161 0.2605
1162 0.1717
1163 0.1667
1164 0.2588
1165 0.1695
1166 0.5314
1167 0.1395
1168 0.2002
1169 0.2759
1170 0.2503
1171 0.5042
1172 0.2716
1173 0.3446
1174 0.2991
1175 0.2886
1176 0.2374
1177 0.4034
1178 0.1423
1179 0.1506
1180 0.1856
1181 0.2048
1182 0.1597
1183 0.2349
1184 0.2432
1185 0.1513
1186 0.2450
1187 0.1324
1188 0.1303
1189 0.4431
1190 0.1240
1191 0.2032
1192 0.2528
1193 0.3057
1194 0.2103
1195 0.2927
1196 0.3288
1197 0.4262
1198 0.3414
1199 0.1679
1200 0.1461
1201 0.3936
1202 0.2018
1203 0.3061
1204 0.2366
1205 0.2489
1206 0.4186
1207 0.1628
1208 0.4185
1209 0.2857
1210 0.3213
1211 0.2871
1212 0.1128
1213 0.2073
1214 0.2193
1215 0.2802
1216 0.3012
1217 0.1573
1218 0.2367
1219 0.3001
1220 0.1398
1221 0.2849
1222 0.1612
1223 0.4009
1224 0.2896
1225 0.3735
1226 0.2608
1227 0.2750
1228 0.2611
1229 0.2493
1230 0.2043
1231 0.1116
1232 0.1244
1233 0.1958
1234 0.1273
1235 0.3128
1236 0.0683
1237 0.3327
1238 0.2494
1239 0.2098
1240 0.7649
1241 0.1547
1242 0.4384
1243 0.1298
1244 0.4283
1245 0.5390
1246 0.1298
1247 0.2635
1248 0.2634
1249 0.2277
1250 0.1775
1251 0.2647
1252 0.2865
1253 0.2434
1254 0.4152
1255 0.5197
1256 0.3507
1257 0.1113
1258 0.3183
1259 0.1755
1260 0.2929
1261 0.2171
1262 0.1501
1263 0.3127
1264 0.1591
1265 0.1977
1266 0.1847
1267 0.6255
1268 0.3679
1269 0.1571
1270 0.3372
1271 0.1359
1272 0.2593
1273 0.1493
1274 0.3801
1275 0.3120
1276 0.4457
1277 0.2491
1278 0.2871
1279 0.3501
1280 0.1451
1281 0.1771
1282 0.2986
1283 0.3017
1284 0.1752
1285 0.4295
1286 0.2114
1287 0.1558
1288 0.3049
1289 0.1630
1290 0.1630
1291 0.2581
1292 0.1653
1293 0.2191
1294 0.1840
1295 0.2258
1296 0.2127
1297 0.1796
1298 0.1834
1299 0.2286
1300 0.3102
1301 0.1633
1302 0.1842
1303 0.3930
1304 0.3611
1305 0.3623
1306 0.1734
1307 0.1939
1308 0.1757
1309 0.1741
1310 0.2862
1311 0.5580
1312 0.2841
1313 0.2788
1314 0.2674
1315 0.0905
1316 0.1842
1317 0.2402
1318 0.1639
1319 0.1348
1320 0.2967
1321 0.3852
1322 0.2556
1323 0.2098
1324 0.3357
1325 0.2244
1326 0.1384
1327 0.1868
1328 0.1925
1329 0.2849
1330 0.2008
1331 0.1714
1332 0.1938
1333 0.1445
1334 0.2684
1335 0.1425
1336 0.6133
1337 0.1811
1338 0.2887
1339 0.2481
1340 0.1901
1341 0.4044
1342 0.1872
1343 0.2280
1344 0.2072
1345 0.1975
1346 0.2813
1347 0.3995
1348 0.1188
1349 0.1633
1350 0.2279
1351 0.1599
1352 0.1472
1353 0.2244
1354 0.2139
1355 0.2083
1356 0.1364
1357 0.2893
1358 0.2990
1359 0.1866
1360 0.2314
1361 0.1125
1362 0.3137
1363 0.3312
1364 0.1438
1365 0.1917
1366 0.3000
1367 0.6812
1368 0.1989
1369 0.1329
1370 0.2001
1371 0.2328
1372 0.1721
1373 0.1910
1374 0.3300
1375 0.1927
1376 0.2233
1377 0.2813
1378 0.1158
1379 0.3948
1380 0.1769
1381 0.6097
1382 0.2280
1383 0.1131
1384 0.1132
1385 0.1893
1386 0.3824
1387 0.1831
1388 0.8101
1389 0.1456
1390 0.4155
1391 0.6134
1392 0.3392
1393 0.1611
1394 0.2885
1395 0.4205
1396 0.1018
1397 1.0943
1398 0.1629
1399 0.2756
1400 0.1351
1401 0.1889
1402 0.2863
1403 0.2683
1404 0.0953
1405 0.1740
1406 0.1530
1407 0.3971
1408 0.3991
1409 0.4958
1410 0.2950
1411 0.2126
1412 0.1396
1413 0.4254
1414 0.1940
1415 0.2087
1416 0.1996
1417 0.2016
1418 0.2371
1419 0.2889
1420 0.2100
1421 0.1755
1422 0.3659
1423 0.3539
1424 0.2894
1425 0.3827
1426 0.2469
1427 0.6282
1428 0.2312
1429 0.2689
1430 0.2448
1431 0.2879
1432 0.3439
1433 0.2002
1434 0.2469
1435 0.2333
1436 0.2581
1437 0.2890
1438 0.2199
1439 0.2272
1440 0.1966
1441 0.1840
1442 0.3238
1443 0.2194
1444 0.7351
1445 0.1047
1446 0.1817
1447 0.1816
1448 0.2115
1449 0.2481
1450 0.1426
1451 0.2821
1452 0.2621
1453 0.2456
1454 0.6415
1455 0.6424
1456 0.2729
1457 0.3442
1458 0.2535
1459 0.2005
1460 0.2225
1461 0.3067
1462 0.2283
1463 0.2757
1464 0.2319
1465 0.1057
1466 0.2171
1467 0.2133
1468 0.1911
1469 0.3214
1470 0.3143
1471 0.4472
1472 0.1803
1473 0.9868
1474 0.3823
1475 0.2766
1476 0.1527
1477 0.2478
1478 0.1076
1479 0.4746
1480 0.2960
1481 0.1359
1482 0.1971
1483 0.4439
1484 0.2023
1485 0.4795
1486 0.1356
1487 0.3252
1488 0.1812
1489 0.2611
1490 0.3166
1491 0.4073
1492 0.3300
1493 0.1839
1494 0.3265
1495 0.5383
1496 0.2481
1497 0.1140
1498 0.4129
1499 0.1134
1500 0.2317
1501 0.2451
1502 0.2539
1503 0.2071
1504 0.3288
1505 0.3399
1506 0.2347
1507 0.3188
1508 0.2358
1509 0.0974
1510 0.1974
1511 0.1837
1512 0.2686
1513 0.7459
1514 0.2739
1515 0.1669
1516 0.2213
1517 0.1224
1518 0.2632
1519 0.1533
1520 0.1806
1521 0.2932
1522 0.1591
1523 0.2266
1524 0.1501
1525 0.2003
1526 0.3617
1527 0.1948
1528 0.2642
1529 0.1664
1530 0.2923
1531 0.2682
1532 0.2951
1533 0.1737
1534 0.4302
1535 0.1463
1536 0.2705
1537 0.1043
1538 0.2680
1539 0.1857
1540 0.2483
1541 0.2783
1542 0.1806
1543 0.1814
1544 0.2199
1545 0.1393
1546 0.2386
1547 0.1799
1548 0.1006
1549 0.3525
1550 0.2643
1551 0.1101
1552 0.4309
1553 0.3645
1554 0.2618
1555 0.1959
1556 0.2062
1557 0.3142
1558 0.2055
1559 0.1894
1560 0.2721
1561 0.1434
1562 0.1974
1563 0.3076
1564 0.1088
1565 0.1130
1566 0.2846
1567 0.3126
1568 0.1840
1569 0.4960
1570 0.2100
1571 0.1581
1572 0.1780
1573 0.3111
1574 0.2699
1575 0.2188
1576 0.3333
1577 0.3400
1578 0.1614
1579 0.1838
1580 0.1455
1581 0.1906
1582 0.3148
1583 0.1821
1584 0.0883
1585 0.2333
1586 0.2235
1587 0.2693
1588 0.2216
1589 0.6850
1590 0.1027
1591 0.2249
1592 0.3579
1593 0.3430
1594 0.2405
1595 0.1535
1596 0.2842
1597 0.2887
1598 0.2712
1599 0.3495
1600 0.2933
1601 0.3680
1602 0.3596
1603 0.2367
1604 0.4744
1605 0.0692
1606 0.2969
1607 0.1676
1608 0.1825
1609 0.5011
1610 0.1019
1611 0.2041
1612 0.2801
1613 0.1852
1614 0.1106
1615 0.8058
1616 0.1232
1617 0.1468
1618 0.2043
1619 0.2109
1620 0.2261
1621 0.2802
1622 0.1385
1623 0.4329
1624 0.1550
1625 0.2160
1626 0.2234
1627 0.2264
1628 0.2796
1629 0.2114
1630 0.2278
1631 0.2416
1632 0.0826
1633 0.1437
1634 0.2042
1635 0.1838
1636 0.1810
1637 0.2357
1638 0.3631
1639 0.3010
1640 0.1272
1641 0.2797
1642 0.1940
1643 0.2594
1644 0.1533
1645 0.2677
1646 0.2526
1647 0.2037
1648 0.4758
1649 0.3070
1650 0.3414
1651 0.1824
1652 0.1572
1653 0.1116
1654 0.1212
1655 0.2999
1656 0.2632
1657 0.2770
1658 0.1763
1659 0.6093
1660 0.1269
1661 0.2194
1662 0.1093
1663 0.4541
1664 0.1100
1665 0.2198
1666 0.3471
1667 0.1372
1668 0.1299
1669 0.3967
1670 0.2817
1671 0.7056
1672 0.2573
1673 0.2416
1674 0.3073
1675 0.4156
1676 0.1496
1677 0.3614
1678 0.2180
1679 0.1740
1680 0.1398
1681 0.4542
1682 0.1753
1683 0.1982
1684 0.2570
1685 0.1325
1686 0.1501
1687 0.1338
1688 0.2819
1689 0.2746
1690 0.5555
1691 0.2056
1692 0.1747
1693 0.1308
1694 0.2685
1695 0.2951
1696 0.2357
1697 0.1735
1698 0.2389
1699 0.9596
1700 0.2469
1701 0.1581
1702 0.1674
1703 0.7949
1704 0.3332
1705 0.2780
1706 0.2154
1707 0.3853
1708 0.1742
1709 0.3714
1710 0.1733
1711 0.1701
1712 0.2348
1713 0.3215
1714 0.1621
1715 0.2767
1716 0.3414
1717 0.1460
1718 0.2107
1719 0.2852
1720 0.3122
1721 0.1160
1722 0.3340
1723 0.2078
1724 0.2845
1725 0.2362
1726 0.3038
1727 0.2730
1728 0.2975
1729 0.1816
1730 0.1794
1731 0.1971
1732 0.2965
1733 0.2857
1734 0.3749
1735 0.1406
1736 0.6956
1737 0.1169
1738 0.4187
1739 0.2251
1740 0.3573
1741 0.3371
1742 0.1401
1743 0.3508
1744 0.6867
1745 0.4537
1746 0.1983
1747 0.1337
1748 0.2475
1749 0.3214
1750 0.1359
1751 0.2065
1752 0.1253
1753 0.2623
1754 0.2016
1755 0.2387
1756 0.1025
1757 0.2260
1758 0.1745
1759 0.2406
1760 0.1989
1761 0.2469
1762 0.1078
1763 0.1703
1764 0.1220
1765 0.2715
1766 0.1407
1767 0.1856
1768 0.2806
1769 0.1759
1770 0.1666
1771 0.1564
1772 0.3390
1773 0.2677
1774 0.2445
1775 0.1744
1776 0.1348
1777 0.1886
1778 0.1815
1779 0.3491
1780 0.7343
1781 0.2718
1782 0.2870
1783 0.2731
1784 0.3672
1785 0.2789
1786 0.2449
1787 0.1567
1788 0.1516
1789 0.2084
1790 0.0952
1791 0.2467
1792 0.1604
1793 0.2274
1794 0.1019
1795 0.1628
1796 0.1550
1797 0.3134
1798 0.1351
1799 0.1877
1800 0.1016
1801 0.3806
1802 0.2505
1803 0.1070
1804 0.2269
1805 0.2786
1806 0.1824
1807 0.3222
1808 0.2172
1809 0.1751
1810 0.2349
1811 0.2223
1812 0.2791
1813 0.1772
1814 0.1296
1815 0.2297
1816 0.1275
1817 0.1744
1818 0.3618
1819 0.2396
1820 0.2291
1821 0.3008
1822 0.2714
1823 0.1069
1824 0.2468
1825 0.6119
1826 0.2913
1827 0.1413
1828 0.1140
1829 0.2885
1830 0.1756
1831 0.3125
1832 0.2270
1833 0.1188
1834 0.1466
1835 0.2891
1836 0.2810
1837 0.3235
1838 0.2214
1839 0.1951
1840 0.2291
1841 0.2794
1842 0.2679
1843 0.3070
1844 0.1345
1845 0.1760
1846 0.5668
1847 0.2060
1848 0.0868
1849 0.2113
1850 0.2585
1851 0.1843
1852 0.2598
1853 0.2221
1854 0.3221
1855 0.3812
1856 0.3447
1857 0.1794
1858 0.2204
1859 0.2458
1860 0.2445
1861 0.1452
1862 0.2923
1863 0.2451
1864 0.4693
1865 0.1808
1866 0.1874
1867 0.2934
1868 0.2294
1869 0.2779
1870 0.2216
1871 0.2426
1872 0.2118
1873 0.1106
1874 0.1838
1875 0.6734
1876 0.3478
1877 0.1613
1878 0.2399
1879 0.1282
1880 0.1601
1881 0.2577
1882 0.1441
1883 0.6355
1884 0.1258
1885 0.1075
1886 0.3747
1887 0.5918
1888 0.3441
1889 0.4321
1890 0.1264
1891 0.2584
1892 0.2895
1893 0.1378
1894 0.1666
1895 0.1465
1896 0.1323
1897 0.2333
1898 0.2204
1899 0.3264
1900 0.5132
1901 0.1979
1902 0.1226
1903 0.0688
1904 0.1751
1905 0.1127
1906 0.1873
1907 0.2986
1908 0.2203
1909 0.3506
1910 0.1616
1911 0.2545
1912 0.1320
1913 0.3802
1914 0.2947
1915 0.3219
1916 0.1265
1917 0.1589
1918 0.3551
1919 0.3070
1920 0.1593
1921 0.1353
1922 0.2563
1923 0.0753
1924 0.1883
1925 0.1459
1926 0.5335
1927 0.5742
1928 0.1299
1929 0.1858
1930 0.2393
1931 0.2419
1932 0.2552
1933 0.3359
1934 0.1758
1935 0.2143
1936 0.1206
1937 0.2903
1938 0.3220
1939 0.2016
1940 0.2705
1941 0.2443
1942 0.1121
1943 0.3045
1944 0.1015
1945 0.2229
1946 0.1801
1947 0.4035
1948 0.2121
1949 0.1555
1950 0.2667
1951 0.2877
1952 0.1243
1953 0.1197
1954 0.1848
1955 0.1302
1956 0.1746
1957 0.2211
1958 0.1659
1959 0.3280
1960 0.1701
1961 0.1728
1962 0.3303
1963 0.3334
1964 0.1053
1965 0.2405
1966 0.4247
1967 0.1608
1968 0.3106
1969 0.2031
1970 0.1705
1971 0.2184
1972 0.1764
1973 0.2392
1974 0.2646
1975 0.1169
1976 0.1167
1977 0.2944
1978 0.2413
1979 0.2783
1980 0.4310
1981 0.3628
1982 0.3948
1983 0.2538
1984 0.1839
1985 0.4804
1986 0.3513
1987 0.2246
1988 0.2046
1989 0.1428
1990 0.3364
1991 0.3804
1992 0.0791
1993 0.1893
1994 0.2214
1995 0.3275
1996 0.3236
1997 0.2955
1998 0.1394
1999 0.4081
2000 0.2796
2001 0.1387
2002 0.1216
2003 0.4037
2004 0.1792
2005 0.1980
2006 0.3390
2007 0.2384
2008 0.1766
2009 0.2789
2010 0.2335
2011 0.1150
2012 0.2321
2013 0.4166
2014 0.1243
2015 0.2540
2016 0.3450
2017 0.1702
2018 0.1429
2019 0.1383
2020 0.2284
2021 0.1446
2022 0.1408
2023 0.1848
2024 0.3730
2025 0.2840
2026 0.3191
2027 0.1736
2028 0.1248
2029 0.1599
2030 0.1617
2031 0.3223
2032 0.2037
2033 0.2083
2034 0.2205
2035 0.1296
2036 0.5791
2037 0.2075
2038 0.0685
2039 0.1496
2040 0.2562
2041 0.3092
2042 0.2084
2043 0.3315
2044 0.1658
2045 0.1171
2046 0.1723
2047 0.1304
2048 0.1443
2049 0.6120
2050 0.2735
2051 0.1831
2052 0.3179
2053 0.0974
2054 0.2465
2055 0.3506
2056 0.3658
2057 0.2943
2058 0.1124
2059 0.1536
2060 0.1277
2061 0.1919
2062 0.2524
2063 0.5557
2064 0.5274
2065 0.3108
2066 0.2067
2067 0.2153
2068 0.3094
2069 0.1807
2070 0.1029
2071 0.2891
2072 0.1495
2073 0.1535
2074 0.2707
2075 0.2128
2076 0.6425
2077 0.1509
2078 0.2982
2079 0.3288
2080 0.3964
2081 0.0946
2082 0.2129
2083 0.2409
2084 0.2201
2085 0.2355
2086 0.1228
2087 0.1366
2088 0.3198
2089 0.1608
2090 0.2283
2091 0.3108
2092 0.1745
2093 0.1286
2094 0.3447
2095 0.3355
2096 0.2104
2097 0.3454
2098 0.1129
2099 0.2284
2100 0.1695
2101 0.1931
2102 0.1253
2103 0.1839
2104 0.1645
2105 0.3538
2106 0.5724
2107 0.2176
2108 0.1482
2109 0.2218
2110 0.6463
2111 0.2756
2112 0.1733
2113 0.3725
2114 0.1819
2115 0.0710
2116 0.1679
2117 0.2042
2118 0.2005
2119 0.2332
2120 0.1097
2121 0.1944
2122 0.2268
2123 0.2663
2124 0.2316
2125 0.0883
2126 0.2336
2127 0.2845
2128 0.5042
2129 0.4294
2130 0.2655
2131 0.1824
2132 0.3433
2133 0.4010
2134 0.3494
2135 0.1035
2136 0.1517
2137 0.1973
2138 0.0759
2139 0.1174
2140 0.1828
2141 0.1401
2142 0.1768
2143 0.1831
2144 0.1282
2145 0.2522
2146 0.2881
2147 0.6157
2148 0.3396
2149 0.2482
2150 0.2239
2151 0.1670
2152 0.2468
2153 0.2948
2154 0.2050
2155 0.1425
2156 0.1906
2157 0.4134
2158 0.1959
2159 0.2634
2160 0.5087
2161 0.1719
2162 0.2713
2163 0.1502
2164 0.1732
2165 0.2949
2166 0.4174
2167 0.2453
2168 0.2229
2169 0.1457
2170 0.0913
2171 0.1749
2172 0.0985
2173 0.2744
2174 0.6137
2175 0.1397
2176 0.1258
2177 0.1484
2178 0.4781
2179 0.1988
2180 0.3995
2181 0.2175
2182 0.3204
2183 0.3820
2184 0.3620
2185 0.1205
2186 0.1175
2187 0.3726
2188 0.2114
2189 0.2096
2190 0.2632
2191 0.3861
2192 0.1732
2193 0.1767
2194 0.2161
2195 0.0986
2196 0.1794
2197 0.1856
2198 0.1756
2199 0.2511
2200 0.1035
2201 0.1036
2202 0.2101
2203 0.0756
2204 0.4731
2205 0.0789
2206 0.2149
2207 0.2599
2208 0.2488
2209 0.2752
2210 0.2553
2211 0.2844
2212 0.1819
2213 0.1159
2214 0.1097
2215 0.0820
2216 0.1317
2217 0.1360
2218 0.1122
2219 0.2371
2220 0.2596
2221 0.4075
2222 0.1485
2223 0.2370
2224 0.2718
2225 0.1921
2226 0.1995
2227 0.0961
2228 0.3440
2229 0.4217
2230 0.5523
2231 0.1347
2232 0.1845
2233 0.1234
2234 0.1651
2235 0.2398
2236 0.1031
2237 0.2315
2238 0.5865
2239 0.2157
2240 0.1676
2241 0.2652
2242 0.0927
2243 0.2216
2244 0.1770
2245 0.1363
2246 0.1950
2247 0.2657
2248 0.1836
2249 0.3858
2250 0.1191
2251 0.2383
2252 0.1661
2253 0.2311
2254 0.2097
2255 0.2986
2256 0.2260
2257 0.2823
2258 0.4003
2259 0.2770
2260 0.2687
2261 0.1549
2262 0.1009
2263 0.2494
2264 0.2973
2265 0.1947
2266 0.3192
2267 0.4662
2268 0.2423
2269 0.1514
2270 0.4515
2271 0.2848
2272 0.1384
2273 0.0896
2274 0.1413
2275 0.1062
2276 0.7576
2277 0.1163
2278 0.4030
2279 0.1310
2280 0.3622
2281 0.1424
2282 0.1723
2283 0.2325
2284 0.1449
2285 0.2221
2286 0.2484
2287 0.2371
2288 0.2144
2289 0.1153
2290 0.2141
2291 0.3143
2292 0.4924
2293 0.1732
2294 0.2453
2295 0.3208
2296 0.1985
2297 0.3627
2298 0.1288
2299 0.1518
2300 0.1247
2301 0.4604
2302 0.2536
2303 0.5969
2304 0.1599
2305 0.1243
2306 0.1971
2307 0.3291
2308 0.1561
2309 0.1388
2310 0.2333
2311 0.2119
2312 0.3030
2313 0.1548
2314 0.2824
2315 0.2564
2316 0.2559
2317 0.1634
2318 0.2476
2319 0.1834
2320 0.1227
2321 0.1566
2322 0.2392
2323 0.1467
2324 0.3481
2325 0.1860
2326 0.1276
2327 0.2586
2328 0.1982
2329 0.1712
2330 0.2389
2331 0.2039
2332 0.1291
2333 0.3903
2334 0.0674
2335 0.3809
2336 0.1156
2337 0.4382
2338 0.1453
2339 0.1922
2340 0.3261
2341 0.2347
2342 0.2503
2343 0.2700
2344 0.0878
2345 0.1919
2346 0.2477
2347 0.2405
2348 0.2272
2349 0.7136
2350 0.1065
2351 0.0658
2352 0.1984
2353 0.1763
2354 0.1757
2355 0.1512
2356 0.2787
2357 0.2853
2358 0.1875
2359 0.1281
2360 0.2554
2361 0.3558
2362 0.0642
2363 0.1686
2364 0.2166
2365 0.1997
2366 0.2897
2367 0.3125
2368 0.1551
2369 0.2932
2370 0.1842
2371 0.3434
2372 0.4640
2373 0.2651
2374 0.1925
2375 0.2057
2376 0.1261
2377 0.4106
2378 0.2439
2379 0.2558
2380 0.1327
2381 0.2520
2382 0.1602
2383 0.2669
2384 0.1455
2385 0.2827
2386 0.2141
2387 0.1447
2388 0.3542
2389 0.1939
2390 0.1418
2391 0.1526
2392 0.1127
2393 0.0891
2394 0.2523
2395 0.3024
2396 0.1806
2397 0.3106
2398 0.1453
2399 0.1577
2400 0.1198
2401 0.1531
2402 0.1707
2403 0.2927
2404 0.2508
2405 0.2781
2406 0.1326
2407 0.1607
2408 0.1677
2409 0.1636
2410 0.2463
2411 0.0891
2412 0.1460
2413 0.0493
2414 0.2308
2415 0.2353
2416 0.3248
2417 0.1985
2418 0.1111
2419 0.1640
2420 0.3592
2421 0.2867
2422 0.1365
2423 0.1652
2424 0.1822
2425 0.2264
2426 0.2555
2427 0.1067
2428 0.5275
2429 0.2179
2430 0.0562
2431 0.2995
2432 0.2069
2433 0.0668
2434 0.1346
2435 0.3309
2436 0.2729
2437 0.1346
2438 0.1690
2439 0.0464
2440 0.2224
2441 0.3655
2442 0.2078
2443 0.3532
2444 0.5425
2445 0.2124
2446 0.1114
2447 0.2083
2448 0.7328
2449 0.2319
2450 0.3752
2451 0.3430
2452 0.3880
2453 0.3558
2454 0.4282
2455 0.2639
2456 0.0966
2457 0.2701
2458 0.1789
2459 0.1181
2460 0.1578
2461 0.2151
2462 0.2421
2463 0.2401
2464 0.0629
2465 0.1355
2466 0.2415
2467 0.1749
2468 0.3431
2469 0.2763
2470 0.1447
2471 0.1107
2472 0.2056
2473 0.1854
2474 0.2122
2475 0.1807
2476 0.1687
2477 0.1258
2478 0.0895
2479 0.4160
2480 0.2254
2481 0.1835
2482 0.9125
2483 0.1270
2484 0.2258
2485 0.2795
2486 0.2359
2487 0.1319
2488 0.2861
2489 0.1620
2490 0.5464
2491 0.1445
2492 0.1793
2493 0.2538
2494 0.1251
2495 0.4328
2496 0.1896
2497 0.4502
2498 0.2380
2499 0.1730
2500 0.2260
2501 0.4265
2502 0.1936
2503 0.2554
2504 0.3122
2505 0.2519
2506 0.1244
2507 0.1884
2508 0.1660
2509 0.1919
2510 0.1453
2511 0.1323
2512 0.3072
2513 0.2888
2514 0.1763
2515 0.1473
2516 0.2003
2517 0.6336
2518 0.1741
2519 0.2259
2520 0.1419
2521 0.2324
2522 0.2117
2523 0.1821
2524 0.2095
2525 0.2148
2526 0.1050
2527 0.2263
2528 0.1278
2529 0.1579
2530 0.3525
2531 0.1950
2532 0.2739
2533 0.2399
2534 0.6344
2535 0.1598
2536 0.2869
2537 0.6886
2538 0.2012
2539 0.1765
2540 0.3252
2541 0.1220
2542 0.1640
2543 0.1721
2544 0.2446
2545 0.0907
2546 0.1245
2547 0.1574
2548 0.4406
2549 0.1274
2550 0.2025
2551 0.1761
2552 0.1221
2553 0.3254
2554 0.1901
2555 0.1378
2556 0.4116
2557 0.2212
2558 0.6367
2559 0.1667
2560 0.1889
2561 0.2756
2562 0.2218
2563 0.2128
2564 0.1245
2565 0.3030
2566 0.0456
2567 0.2276
2568 0.3610
2569 0.1979
2570 0.3585
2571 0.1100
2572 0.2206
2573 0.3744
2574 0.1683
2575 0.3077
2576 0.2908
2577 0.3496
2578 0.1235
2579 0.2009
2580 0.1725
2581 0.4342
2582 0.1601
2583 0.2730
2584 0.1290
2585 0.2012
2586 0.2216
2587 0.5645
2588 0.2283
2589 0.0754
2590 0.1534
2591 0.1903
2592 0.3263
2593 0.2753
2594 0.1850
2595 0.1478
2596 0.3355
2597 0.3645
2598 0.6298
2599 0.1675
2600 0.2374
2601 0.2204
2602 0.1634
2603 0.1398
2604 0.1941
2605 0.1567
2606 0.2159
2607 0.3561
2608 0.1102
2609 0.1840
2610 0.2866
2611 0.1205
2612 0.1770
2613 0.1157
2614 0.2118
2615 0.2049
2616 0.2084
2617 0.2916
2618 0.4337
2619 0.1076
2620 0.2889
2621 0.2800
2622 0.1615
2623 0.1985
2624 0.0694
2625 0.1359
2626 0.1534
2627 0.3579
2628 0.0755
2629 0.0497
2630 0.2406
2631 0.1553
2632 0.1861
2633 0.3956
2634 0.1547
2635 0.2418
2636 0.0953
2637 0.2786
2638 0.1766
2639 0.1493
2640 0.1670
2641 0.3505
2642 0.2708
2643 0.1799
2644 0.3066
2645 0.2770
2646 0.2607
2647 0.2256
2648 0.2874
2649 0.1475
2650 0.2069
2651 0.2631
2652 0.1442
2653 0.1090
2654 0.3781
2655 0.5512
2656 0.3617
2657 0.3059
2658 0.2660
2659 0.2028
2660 0.2552
2661 0.0470
2662 0.2585
2663 0.2536
2664 0.2356
2665 0.1682
2666 0.3265
2667 0.2386
2668 0.1351
2669 0.3964
2670 0.1809
2671 0.2268
2672 0.1173
2673 0.4193
2674 0.1013
2675 0.3867
2676 0.2310
2677 0.3155
2678 0.1708
2679 0.2728
2680 0.1668
2681 0.3536
2682 0.2785
2683 0.3029
2684 0.1224
2685 0.1472
2686 0.2495
2687 0.3540
2688 0.5246
2689 0.1757
2690 0.0976
2691 0.2061
2692 0.1881
2693 0.2272
2694 0.1107
2695 0.1215
2696 0.2814
2697 0.1246
2698 0.1153
2699 0.3044
2700 0.1179
2701 0.3259
2702 0.1872
2703 0.1857
2704 0.5720
2705 0.1998
2706 0.1646
2707 0.1436
2708 0.3564
2709 0.1668
2710 0.2559
2711 0.2089
2712 0.2239
2713 0.2456
2714 0.1450
2715 0.1148
2716 0.1771
2717 0.1909
2718 0.5319
2719 0.1991
2720 0.2349
2721 0.1624
2722 0.3867
2723 0.1978
2724 0.1154
2725 0.1481
2726 0.3009
2727 0.2110
2728 0.1307
2729 0.2330
2730 0.0571
2731 0.1395
2732 0.3844
2733 0.6562
2734 0.1273
2735 0.3126
2736 0.2257
2737 0.1907
2738 0.2301
2739 0.0971
2740 0.2665
2741 0.2651
2742 0.2552
2743 0.1523
2744 0.1107
2745 0.1796
2746 0.1755
2747 0.1470
2748 0.3191
2749 0.2540
2750 0.1394
2751 0.1788
2752 0.7746
2753 0.2229
2754 0.1344
2755 0.1365
2756 0.1690
2757 0.1299
2758 0.2231
2759 0.1093
2760 0.3336
2761 0.1720
2762 0.2125
2763 0.2314
2764 0.7319
2765 0.1193
2766 0.1429
2767 0.2090
2768 0.2002
2769 0.7072
2770 0.2526
2771 0.3534
2772 0.1179
2773 0.3173
2774 0.2021
2775 0.4289
2776 0.2805
2777 0.1357
2778 0.4661
2779 0.1998
2780 0.3472
2781 0.3428
2782 0.2009
2783 0.1735
2784 0.2290
2785 0.2372
2786 0.1043
2787 0.6576
2788 0.2546
2789 0.2152
2790 0.0843
2791 0.3652
2792 0.0820
2793 0.2562
2794 0.3902
2795 0.2539
2796 0.3352
2797 0.3624
2798 0.4724
2799 0.1758
2800 0.3418
2801 0.0415
2802 0.2417
2803 0.3600
2804 0.4227
2805 0.2123
2806 0.1217
2807 0.2807
2808 0.5367
2809 0.1466
2810 0.1295
2811 0.1131
2812 0.1774
2813 0.4520
2814 0.1800
2815 0.1972
2816 0.3138
2817 0.2304
2818 0.2300
2819 0.2462
2820 0.3827
2821 0.9509
2822 0.2273
2823 0.1801
2824 0.0610
2825 0.2532
2826 0.1644
2827 0.1827
2828 0.1379
2829 0.2605
2830 0.2414
2831 0.2125
2832 0.1982
2833 0.1296
2834 0.2931
2835 0.2436
2836 0.1262
2837 0.8341
2838 0.1109
2839 0.1289
2840 0.3533
2841 0.3437
2842 0.2383
2843 0.2209
2844 0.2196
2845 0.1755
2846 0.1537
2847 0.2202
2848 0.2292
2849 0.7815
2850 0.1018
2851 0.1203
2852 0.1736
2853 0.1256
2854 0.1529
2855 0.2904
2856 0.2908
2857 0.2765
2858 0.2173
2859 0.0367
2860 0.1866
2861 0.2329
2862 0.0775
2863 0.2352
2864 0.2599
2865 0.1972
2866 0.3958
2867 0.2342
2868 0.1870
2869 0.1672
2870 0.1251
2871 0.3272
2872 0.1727
2873 0.2147
2874 0.1716
2875 0.4523
2876 0.4498
2877 0.2072
2878 0.1932
2879 0.2665
2880 0.0419
2881 0.3020
2882 0.1621
2883 0.3300
2884 0.1842
2885 0.3267
2886 0.2072
2887 0.1932
2888 0.1533
2889 0.1920
2890 0.2864
2891 0.1563
2892 0.4062
2893 0.6142
2894 0.1114
2895 0.0803
2896 0.1618
2897 0.4059
2898 0.3884
2899 0.2166
2900 0.2017
2901 0.1172
2902 0.1997
2903 0.1579
2904 0.1742
2905 0.2380
2906 0.2135
2907 0.2414
2908 0.1463
2909 0.4348
2910 0.2104
2911 0.8092
2912 0.3237
2913 0.2018
2914 0.1282
2915 0.0913
2916 0.1650
2917 0.2243
2918 0.2351
2919 0.2408
2920 0.0770
2921 0.2074
2922 0.0673
2923 0.2106
2924 0.2802
2925 0.2766
2926 0.1142
2927 0.4688
2928 0.2476
2929 0.1572
2930 0.1684
2931 0.3140
2932 0.1178
2933 0.2965
2934 0.2626
2935 0.1999
2936 0.1131
2937 0.1412
2938 0.2593
2939 0.1129
2940 0.1915
2941 0.3516
2942 0.1196
2943 0.2577
2944 0.3885
2945 0.1307
2946 0.1856
2947 0.2987
2948 0.1303
2949 0.5781
2950 0.5334
2951 0.1376
2952 0.3061
2953 0.2306
2954 0.2183
2955 0.1907
2956 0.1709
2957 0.1385
2958 0.1315
2959 0.2290
2960 0.2413
2961 0.2735
2962 0.1803
2963 0.1430
2964 0.2975
2965 0.4728
2966 0.1226
2967 0.2845
2968 0.2615
2969 0.1102
2970 0.1302
2971 0.1275
2972 0.0884
2973 0.2621
2974 0.2409
2975 0.4463
2976 0.1846
2977 0.2326
2978 0.2654
2979 0.3324
2980 0.1713
2981 0.1533
2982 0.2048
2983 0.2364
2984 0.6196
2985 0.1683
2986 0.2402
2987 0.1660
2988 0.0925
2989 0.1288
2990 0.6321
2991 0.2089
2992 0.2103
2993 0.1526
2994 0.1050
2995 0.1031
2996 0.2171
2997 0.1501
2998 0.1746
2999 0.2753
3000 0.1951
3001 0.1773
3002 0.2107
3003 0.2767
3004 0.0703
3005 0.3855
3006 0.2520
3007 0.3065
3008 0.2921
3009 0.3557
3010 0.1299
3011 0.3401
3012 0.2450
3013 0.2649
3014 0.6665
3015 0.1123
3016 0.3542
3017 0.5517
3018 0.0745
3019 0.1839
3020 0.1395
3021 0.1696
3022 0.1790
3023 0.0915
3024 0.1544
3025 0.2081
3026 0.1461
3027 0.1913
3028 0.2155
3029 0.2667
3030 0.1093
3031 0.1139
3032 0.1453
3033 0.2821
3034 0.3510
3035 0.0240
3036 0.1676
3037 0.2620
3038 0.3508
3039 0.1374
3040 0.1949
3041 0.4432
3042 0.3160
3043 0.1250
3044 0.1248
3045 0.3181
3046 0.1911
3047 0.2046
3048 0.0964
3049 0.5329
3050 0.3594
3051 0.2013
3052 0.2165
3053 0.2384
3054 0.1765
3055 0.1506
3056 0.1294
3057 0.0684
3058 0.1724
3059 0.2666
3060 0.3446
3061 0.5489
3062 0.1649
3063 0.1314
3064 0.1194
3065 0.1970
3066 0.3004
3067 0.0897
3068 0.1632
3069 0.1046
3070 0.1925
3071 0.1596
3072 0.2353
3073 0.2194
3074 0.2167
3075 0.2982
3076 0.1547
3077 0.3646
3078 0.1079
3079 0.2166
3080 0.2051
3081 0.0562
3082 0.1740
3083 0.2506
3084 0.3372
3085 0.1370
3086 0.1437
3087 0.7671
3088 0.0481
3089 0.1447
3090 0.1696
3091 0.2369
3092 0.0838
3093 0.2556
3094 0.1049
3095 0.3476
3096 0.2485
3097 0.1288
3098 0.1560
3099 0.1831
3100 0.1284
3101 0.2929
3102 0.1796
3103 0.1629
3104 0.1165
3105 0.1741
3106 0.4046
3107 0.6170
3108 0.1024
3109 0.0864
3110 0.1282
3111 0.4597
3112 0.4912
3113 0.1517
3114 0.4411
3115 0.3250
3116 0.0798
3117 0.1527
3118 0.1644
3119 0.1268
3120 0.2064
3121 0.0712
3122 0.2677
3123 0.3364
3124 0.4089
3125 0.2228
3126 0.1717
3127 0.2873
3128 0.2874
3129 0.2925
3130 0.1088
3131 0.0917
3132 0.2202
3133 0.2736
3134 0.1199
3135 0.1367
3136 0.2865
3137 0.0491
3138 0.5132
3139 0.1448
3140 0.2919
3141 0.2494
3142 0.2466
3143 0.1326
3144 0.1517
3145 0.3694
3146 0.1940
3147 0.1835
3148 0.0701
3149 0.3175
3150 0.2214
3151 0.1142
3152 0.1713
3153 0.3496
3154 0.1461
3155 0.1637
3156 0.2137
3157 0.5901
3158 0.1866
3159 0.2254
3160 0.2183
3161 0.1558
3162 0.1039
3163 0.1090
3164 0.2026
3165 0.1202
3166 0.3371
3167 0.1389
3168 0.1126
3169 0.2146
3170 0.2857
3171 0.2399
3172 0.2261
3173 0.1020
3174 0.0977
3175 0.3641
3176 0.1475
3177 0.2228
3178 0.1864
3179 0.2009
3180 0.0785
3181 0.2459
3182 0.2021
3183 0.2465
3184 0.2593
3185 0.1798
3186 0.1022
3187 0.1710
3188 0.1488
3189 0.1483
3190 0.4014
3191 0.3270
3192 0.2555
3193 0.1389
3194 0.1639
3195 0.1944
3196 0.1168
3197 0.2063
3198 0.1225
3199 0.3920
3200 0.2239
3201 0.5367
3202 0.1737
3203 0.3149
3204 0.2187
3205 0.2513
3206 0.2966
3207 0.1116
3208 0.1769
3209 0.1721
3210 0.1126
3211 0.3571
3212 0.3930
3213 0.2299
3214 0.0846
3215 0.2220
3216 0.2078
3217 0.1346
3218 0.1599
3219 0.1593
3220 0.1272
3221 0.1291
3222 0.0851
3223 0.3377
3224 0.2146
3225 0.3651
3226 0.4506
3227 0.2689
3228 0.2403
3229 0.1200
3230 0.1701
3231 0.0793
3232 0.1086
3233 0.1438
3234 0.1943
3235 0.1786
3236 0.1076
3237 0.0874
3238 0.3853
3239 0.1348
3240 0.2271
3241 0.2153
3242 0.2846
3243 0.2756
3244 0.1979
3245 0.1164
3246 0.1772
3247 0.2516
3248 0.1299
3249 0.1454
3250 0.1419
3251 0.2865
3252 0.1165
3253 0.2633
3254 0.4016
3255 0.2464
3256 0.1143
3257 0.3104
3258 0.2283
3259 0.5827
3260 0.2521
3261 0.0890
3262 0.3194
3263 0.0656
3264 0.4274
3265 0.3901
3266 0.1666
3267 0.1663
3268 0.3075
3269 0.1390
3270 0.2515
3271 0.2509
3272 0.2178
3273 0.2309
3274 0.1014
3275 0.2652
3276 0.2086
3277 0.3450
3278 0.1240
3279 0.3683
3280 0.1746
3281 0.1712
3282 0.1539
3283 0.0706
3284 0.1541
3285 0.1840
3286 0.3549
3287 0.1528
3288 0.2555
3289 0.1538
3290 0.0597
3291 0.3047
3292 0.2222
3293 0.2504
3294 0.2786
3295 0.1152
3296 0.1667
3297 0.3713
3298 0.1252
3299 0.2137
3300 0.4607
3301 0.3283
3302 0.1447
3303 0.1411
3304 0.4365
3305 0.1654
3306 0.1565
3307 0.2953
3308 0.3889
3309 0.0899
3310 0.3858
3311 0.2235
3312 0.1295
3313 0.0799
3314 0.1817
3315 0.1100
3316 0.2909
3317 0.1290
3318 0.2732
3319 0.4028
3320 0.0431
3321 0.1957
3322 0.1841
3323 0.1334
3324 0.2207
3325 0.1720
3326 0.3097
3327 0.1573
3328 0.2784
3329 0.1783
3330 0.2030
3331 0.3231
3332 0.1502
3333 0.1616
3334 0.1284
3335 0.1241
3336 0.2163
3337 0.0864
3338 0.3556
3339 0.3669
3340 0.1273
3341 0.0831
3342 0.2163
3343 0.1549
3344 0.0859
3345 0.3333
3346 0.1062
3347 0.2259
3348 0.2423
3349 0.1091
3350 0.1081
3351 0.3817
3352 0.2996
3353 0.1380
3354 0.2910
3355 0.1778
3356 0.3624
3357 0.1095
3358 0.1294
3359 0.1760
3360 0.1233
3361 0.2477
3362 0.3800
3363 0.4551
3364 0.2579
3365 0.2291
3366 0.2154
3367 0.1265
3368 0.2665
3369 0.2237
3370 0.2305
3371 0.2213
3372 0.0849
3373 0.2007
3374 0.2766
3375 0.1367
3376 0.3372
3377 0.1363
3378 0.1898
3379 0.1522
3380 0.4322
3381 0.1734
3382 0.2846
3383 0.1756
3384 0.1414
3385 0.1256
3386 0.2104
3387 0.2646
3388 0.3256
3389 0.2618
3390 0.1759
3391 0.1638
3392 0.1726
3393 0.2056
3394 0.1973
3395 0.1231
3396 0.3300
3397 0.2267
3398 0.3487
3399 0.2270
3400 0.1434
3401 0.2444
3402 0.0643
3403 0.2507
3404 0.4761
3405 0.1994
3406 0.1305
3407 0.2427
3408 0.8623
3409 0.2924
3410 0.4161
3411 0.3447
3412 0.2234
3413 0.2007
3414 0.1489
3415 0.1022
3416 0.5196
3417 0.1827
3418 0.0568
3419 0.1480
3420 0.0716
3421 0.2175
3422 0.3259
3423 0.4317
3424 0.3090
3425 0.1403
3426 0.1826
3427 0.2967
3428 0.1332
3429 0.3490
3430 0.4697
3431 0.0928
3432 0.2735
3433 0.2368
3434 0.3220
3435 0.4042
3436 0.4842
3437 0.2972
3438 0.1899
3439 0.3485
3440 0.1771
3441 0.5038
3442 0.2809
3443 0.2793
3444 0.0678
3445 0.0740
3446 0.1208
3447 0.2715
3448 0.2596
3449 0.1191
3450 0.1892
3451 0.3192
3452 0.3785
3453 0.2324
3454 0.1573
3455 0.6199
3456 0.1217
3457 0.2147
3458 0.1512
3459 0.0555
3460 0.0619
3461 0.1642
3462 0.1332
3463 0.1708
3464 0.0878
3465 0.2869
3466 0.1018
3467 0.1914
3468 0.2538
3469 0.1777
3470 0.3365
3471 0.0945
3472 0.2410
3473 0.2061
3474 0.0892
3475 0.2278
3476 0.2094
3477 0.1937
3478 0.4120
3479 0.1675
3480 0.1882
3481 0.4882
3482 0.1992
3483 0.0756
3484 0.2089
3485 0.1067
3486 0.4585
3487 0.2027
3488 0.5040
3489 0.2828
3490 0.1370
3491 0.1843
3492 0.1525
3493 0.1984
3494 0.1676
3495 0.2041
3496 0.0950
3497 0.2159
3498 0.3396
3499 0.1598
3500 0.5168
3501 0.1120
3502 0.2974
3503 0.3127
3504 0.2349
3505 0.1590
3506 0.1653
3507 0.3362
3508 0.3481
3509 0.5122
3510 0.2188
3511 0.1550
3512 0.2037
3513 0.1802
3514 0.1141
3515 0.4822
3516 0.1533
3517 0.1953
3518 0.1983
3519 0.1850
3520 0.1016
3521 0.2442
3522 0.7564
3523 0.2077
3524 0.0770
3525 0.1879
3526 0.2726
3527 0.3463
3528 0.5198
3529 0.0918
3530 0.1403
3531 0.1955
3532 0.0867
3533 0.0819
3534 0.3112
3535 0.3367
3536 0.1487
3537 0.1150
3538 0.0844
3539 0.3093
3540 0.1469
3541 0.2385
3542 0.1873
3543 0.1492
3544 0.0792
3545 0.2156
3546 0.1759
3547 0.4829
3548 0.0827
3549 0.2157
3550 0.1306
3551 0.2367
3552 0.1850
3553 0.1980
3554 0.2682
3555 0.1174
3556 0.2034
3557 0.6714
3558 0.1978
3559 0.0638
3560 0.3199
3561 0.1458
3562 0.3972
3563 0.1124
3564 0.2443
3565 0.1080
3566 0.3101
3567 0.3339
3568 0.2332
3569 0.1765
3570 0.3213
3571 0.4337
3572 0.3786
3573 0.2006
3574 0.1015
3575 0.0768
3576 0.1642
3577 0.1681
3578 0.1313
3579 0.0944
3580 0.1703
3581 0.1417
3582 0.3341
3583 0.4188
3584 0.1330
3585 0.0968
3586 0.1721
3587 0.2902
3588 0.0566
3589 0.1114
3590 0.1580
3591 0.2324
3592 0.1487
3593 0.1464
3594 0.1921
3595 0.7118
3596 0.1816
3597 0.0948
3598 0.2281
3599 0.2113
3600 0.2162
3601 0.1781
3602 0.1538
3603 0.7829
3604 0.1749
3605 0.1820
3606 0.3526
3607 0.1713
3608 0.3891
3609 0.1064
3610 0.1046
3611 0.2259
3612 0.2982
3613 0.1346
3614 0.3933
3615 0.1160
3616 0.2789
3617 0.1640
3618 0.5112
3619 0.1504
3620 0.1820
3621 0.1055
3622 0.2399
3623 0.1752
3624 0.3071
3625 0.3025
3626 0.4130
3627 0.1796
3628 0.2061
3629 0.1268
3630 0.1738
3631 0.6357
3632 0.3682
3633 0.1845
3634 0.1049
3635 0.1710
3636 0.6512
3637 0.2074
3638 0.3560
3639 0.2148
3640 0.1499
3641 0.1233
3642 0.2602
3643 0.3196
3644 0.1888
3645 0.2197
3646 0.0714
3647 0.0989
3648 0.3154
3649 0.1751
3650 0.1657
3651 0.0905
3652 0.2284
3653 0.4932
3654 0.1375
3655 0.3419
3656 0.0679
3657 0.1976
3658 0.1726
3659 0.2819
3660 0.1997
3661 0.1765
3662 0.2050
3663 0.3291
3664 0.1027
3665 0.1296
3666 0.2154
3667 0.1126
3668 0.1388
3669 0.2446
3670 0.2933
3671 0.1227
3672 0.1805
3673 0.1796
3674 0.1311
3675 0.5200
3676 0.1864
3677 0.1963
3678 0.4246
3679 0.3644
3680 0.5089
3681 0.1225
3682 0.1812
3683 0.6084
3684 0.1741
3685 0.1376
3686 0.5604
3687 0.4455
3688 0.1317
3689 0.1652
3690 0.1975
3691 0.2639
3692 0.1321
3693 0.2610
3694 0.1067
3695 0.0937
3696 0.1886
3697 0.2555
3698 0.1005
3699 0.2246
3700 0.1654
3701 0.7316
3702 0.4688
3703 0.1385
3704 0.1399
3705 0.1815
3706 0.2652
3707 0.1790
3708 0.7234
3709 0.1677
3710 0.2521
3711 0.1160
3712 0.0841
3713 0.2047
3714 0.3316
3715 0.2465
3716 0.1541
3717 0.1248
3718 0.3383
3719 0.0918
3720 0.1874
3721 0.2310
3722 0.1242
3723 0.1595
3724 0.1004
3725 0.2093
3726 0.2223
3727 0.0715
3728 0.4373
3729 0.4098
3730 0.3494
3731 0.1911
3732 0.3440
3733 0.1278
3734 0.5785
3735 0.1947
3736 0.1482
3737 0.1861
3738 0.2536
3739 0.1578
3740 0.1178
3741 0.3194
3742 0.2191
3743 0.0689
3744 0.2821
3745 0.2989
3746 0.2250
3747 0.2122
3748 0.1861
3749 0.1648
3750 0.2217
3751 0.1494
3752 0.2279
3753 0.2218
3754 0.2596
3755 0.1044
3756 0.1348
3757 0.1293
3758 0.2048
3759 0.0702
3760 0.4414
3761 0.2171
3762 0.1882
3763 0.4808
3764 0.4564
3765 0.2633
3766 0.1208
3767 0.1644
3768 0.1973
3769 0.2453
3770 0.2352
3771 0.2346
3772 0.1256
3773 0.4164
3774 0.0724
3775 0.2142
3776 0.0615
3777 0.1698
3778 0.1426
3779 0.1827
3780 0.3013
3781 0.1742
3782 0.1492
3783 0.2079
3784 0.0958
3785 0.1955
3786 0.1293
3787 0.1021
3788 0.1509
3789 0.2658
3790 0.0945
3791 0.1042
3792 0.1596
3793 0.3135
3794 0.1511
3795 0.4780
3796 0.5359
3797 0.1993
3798 0.1170
3799 0.4771
3800 0.2391
3801 0.1495
3802 0.0610
3803 0.1096
3804 0.3090
3805 0.2081
3806 0.1268
3807 0.2994
3808 0.2233
3809 0.0850
3810 0.1539
3811 0.0390
3812 0.0801
3813 0.1379
3814 0.2125
3815 0.2083
3816 0.1714
3817 0.2500
3818 0.4541
3819 0.1859
3820 0.1898
3821 0.1081
3822 0.1343
3823 0.2519
3824 0.1314
3825 0.1803
3826 0.3103
3827 0.2704
3828 0.1090
3829 0.1059
3830 0.2059
3831 0.1531
3832 0.2566
3833 0.3080
3834 0.3006
3835 0.1453
3836 0.0610
3837 0.1447
3838 0.2148
3839 0.5302
3840 0.4292
3841 0.3490
3842 0.2542
3843 0.1720
3844 0.0953
3845 0.2051
3846 0.1985
3847 0.1656
3848 0.1140
3849 0.2601
3850 0.4053
3851 0.2726
3852 0.1813
3853 0.0878
3854 0.2638
3855 0.3994
3856 0.1591
3857 0.2562
3858 0.1450
3859 0.2125
3860 0.1590
3861 0.1011
3862 0.1700
3863 0.2144
3864 0.2044
3865 0.1330
3866 0.1091
3867 0.2034
3868 0.2181
3869 0.1747
3870 0.1155
3871 0.3700
3872 0.1558
3873 0.2689
3874 0.1927
3875 0.1606
3876 0.1774
3877 0.2081
3878 0.3121
3879 0.2592
3880 0.4556
3881 0.4010
3882 0.2686
3883 0.1847
3884 0.1810
3885 0.1842
3886 0.3271
3887 0.1749
3888 0.1718
3889 0.1162
3890 0.2146
3891 0.2982
3892 0.3774
3893 0.3737
3894 0.0880
3895 0.2834
3896 0.2729
3897 0.1221
3898 0.6181
3899 0.1872
3900 0.0955
3901 0.2091
3902 0.3030
3903 0.2389
3904 0.1864
3905 0.1870
3906 0.3653
3907 0.1449
3908 0.1251
3909 0.1188
3910 0.1067
3911 0.1651
3912 0.2175
3913 0.7032
3914 0.1513
3915 0.2363
3916 0.1889
3917 0.2277
3918 0.3035
3919 0.2029
3920 0.0665
3921 0.1732
3922 0.3434
3923 0.2397
3924 0.2168
3925 0.1940
3926 0.2960
3927 0.2662
3928 0.1436
3929 0.2005
3930 0.2501
3931 0.1704
3932 0.1279
3933 0.1076
3934 0.2654
3935 0.3182
3936 0.2835
3937 0.0541
3938 0.1831
3939 0.1366
3940 0.4407
3941 0.1067
3942 0.2836
3943 0.1903
3944 0.0910
3945 0.4022
3946 0.2041
3947 0.1300
3948 0.1349
3949 0.1917
3950 0.2031
3951 0.3273
3952 0.3150
3953 0.0730
3954 0.1819
3955 0.1965
3956 0.0341
3957 0.1093
3958 0.2576
3959 0.1178
3960 0.1821
3961 0.2164
3962 0.1696
3963 0.1343
3964 0.1320
3965 0.1986
3966 0.2063
3967 0.3176
3968 0.2165
3969 0.5513
3970 0.0551
3971 0.1295
3972 0.2624
3973 0.1520
3974 0.2152
3975 0.1029
3976 0.2267
3977 0.0690
3978 0.2344
3979 0.2709
3980 0.1319
3981 0.1834
3982 0.2297
3983 0.3318
3984 0.0714
3985 0.1313
3986 0.0472
3987 0.3456
3988 0.2473
3989 0.5408
3990 0.2656
3991 0.1919
3992 0.1054
3993 0.1620
3994 0.0870
3995 0.1198
3996 0.0565
3997 0.2137
3998 0.1298
3999 0.1867
4000 0.0660
4001 0.3725
4002 0.0702
4003 0.1874
4004 0.2609
4005 0.2644
4006 0.2216
4007 0.2223
4008 0.3411
4009 0.1144
4010 0.2043
4011 0.0755
4012 0.0963
4013 0.0886
4014 0.0855
4015 0.7795
4016 0.0874
4017 0.1589
4018 0.1910
4019 0.1727
4020 0.1832
4021 0.2861
4022 0.0910
4023 0.0985
4024 0.0812
4025 0.7593
4026 0.0910
4027 0.1458
4028 0.2291
4029 0.1497
4030 0.5075
4031 0.1882
4032 0.3527
4033 0.2213
4034 0.2814
4035 0.1706
4036 0.3529
4037 0.1115
4038 0.0717
4039 0.2415
4040 0.2494
4041 0.1459
4042 0.0875
4043 0.0733
4044 0.2322
4045 0.1513
4046 0.3360
4047 0.1723
4048 0.1305
4049 0.1638
4050 0.2652
4051 0.1443
4052 0.1018
4053 0.1446
4054 0.1202
4055 0.0687
4056 0.2437
4057 0.0704
4058 0.2027
4059 0.0967
4060 0.4036
4061 0.2431
4062 0.2351
4063 0.2186
4064 0.1480
4065 0.2693
4066 0.5451
4067 0.1551
4068 0.1846
4069 0.1276
4070 0.3519
4071 0.2159
4072 0.4171
4073 0.0508
4074 0.1728
4075 0.1461
4076 0.4936
4077 0.3575
4078 0.2646
4079 0.6323
4080 0.2712
4081 0.1907
4082 0.1000
4083 0.2746
4084 0.5648
4085 0.0975
4086 0.1071
4087 0.1511
4088 0.1852
4089 0.1087
4090 0.1979
4091 0.0908
4092 0.1232
4093 0.3212
4094 0.0993
4095 0.2015
4096 0.2067
4097 0.3197
4098 0.2265
4099 0.2282
4100 0.1532
4101 0.1838
4102 0.2398
4103 0.1339
4104 0.1575
4105 0.1497
4106 0.2353
4107 0.0316
4108 0.2454
4109 0.1519
4110 0.2161
4111 0.1924
4112 0.0922
4113 0.3953
4114 0.1340
4115 0.1285
4116 0.4867
4117 0.1159
4118 0.1382
4119 0.1382
4120 0.4774
4121 0.0899
4122 0.3101
4123 0.1643
4124 0.0929
4125 0.3400
4126 0.1731
4127 0.1698
4128 0.1049
4129 0.2062
4130 0.1221
4131 0.0669
4132 0.0739
4133 0.1517
4134 0.1339
4135 0.6657
4136 0.1090
4137 0.1397
4138 0.1273
4139 0.1872
4140 0.0861
4141 0.3056
4142 0.1530
4143 0.4940
4144 0.1926
4145 0.2520
4146 0.1736
4147 0.1504
4148 0.1828
4149 0.1227
4150 0.1974
4151 0.2347
4152 0.1231
4153 0.2499
4154 0.1814
4155 0.0666
4156 0.1935
4157 0.0533
4158 0.6705
4159 0.2763
4160 0.3167
4161 0.0785
4162 0.2741
4163 0.3571
4164 0.1228
4165 0.2690
4166 0.0621
4167 0.2828
4168 0.2549
4169 0.3687
4170 0.1701
4171 0.0535
4172 0.2521
4173 0.0925
4174 0.5476
4175 0.3128
4176 0.1998
4177 0.1828
4178 0.0655
4179 0.0600
4180 0.1576
4181 0.1220
4182 0.2873
4183 0.1846
4184 0.4772
4185 0.1733
4186 0.3047
4187 0.3214
4188 0.2076
4189 0.2170
4190 0.4249
4191 0.2728
4192 0.1270
4193 0.0820
4194 0.0939
4195 0.2588
4196 0.2118
4197 0.0719
4198 0.1960
4199 0.2119
4200 0.3371
4201 0.3458
4202 0.1298
4203 0.3098
4204 0.2311
4205 0.1961
4206 0.2832
4207 0.4374
4208 0.1495
4209 0.2055
4210 0.1608
4211 0.1951
4212 0.0767
4213 0.2331
4214 0.2733
4215 0.1607
4216 0.1707
4217 0.1111
4218 0.1333
4219 0.1134
4220 0.3784
4221 0.4326
4222 0.5898
4223 0.4868
4224 0.5012
4225 0.1222
4226 0.1251
4227 0.1075
4228 0.2949
4229 0.1298
4230 0.1650
4231 0.2864
4232 0.3324
4233 0.2044
4234 0.1390
4235 0.1989
4236 0.1305
4237 0.0758
4238 0.2464
4239 0.4530
4240 0.1823
4241 0.2509
4242 0.1269
4243 0.1251
4244 0.1542
4245 0.1621
4246 0.1502
4247 0.1736
4248 0.0389
4249 0.1258
4250 0.3792
4251 0.3451
4252 0.2547
4253 0.1744
4254 0.1589
4255 0.2679
4256 0.6597
4257 0.8512
4258 0.2313
4259 0.1297
4260 0.1877
4261 0.0405
4262 0.1778
4263 0.2529
4264 0.1067
4265 0.2947
4266 0.1515
4267 0.1942
4268 0.1776
4269 0.1686
4270 0.2016
4271 0.2237
4272 0.2231
4273 0.2025
4274 0.1147
4275 0.1698
4276 0.1108
4277 0.0852
4278 0.1651
4279 0.2712
4280 0.2882
4281 0.1505
4282 0.2073
4283 0.1014
4284 0.2106
4285 0.2631
4286 0.1180
4287 0.2351
4288 0.2080
4289 0.1697
4290 0.5327
4291 0.1268
4292 0.3115
4293 0.2475
4294 0.3166
4295 0.1397
4296 0.2168
4297 0.0539
4298 0.5207
4299 0.7313
4300 0.4342
4301 0.4429
4302 0.2459
4303 0.1651
4304 0.1396
4305 0.2922
4306 0.1900
4307 0.1016
4308 0.2352
4309 0.3918
4310 0.1867
4311 0.2618
4312 0.3321
4313 0.1579
4314 0.1151
4315 0.1738
4316 0.2483
4317 0.2074
4318 0.2263
4319 0.1180
4320 0.1411
4321 0.1370
4322 0.4112
4323 0.3849
4324 0.1254
4325 0.1568
4326 0.2963
4327 0.3185
4328 0.1743
4329 0.3863
4330 0.1483
4331 0.1321
4332 0.1008
4333 0.3719
4334 0.2324
4335 0.2793
4336 0.0529
4337 0.0829
4338 0.1355
4339 0.1440
4340 0.1145
4341 0.0889
4342 0.1484
4343 0.1063
4344 0.5132
4345 0.1033
4346 0.1358
4347 0.1274
4348 0.1344
4349 0.3560
4350 0.1329
4351 0.0724
4352 0.2966
4353 0.6168
4354 0.2139
4355 0.3509
4356 0.1193
4357 0.1290
4358 0.1936
4359 0.2018
4360 0.2753
4361 0.1189
4362 0.5523
4363 0.5857
4364 0.1916
4365 0.3391
4366 0.3017
4367 0.2054
4368 0.3859
4369 0.2212
4370 0.1479
4371 0.1464
4372 0.2258
4373 0.2256
4374 0.2297
4375 0.0747
4376 0.1715
4377 0.1095
4378 0.1176
4379 0.1623
4380 0.1462
4381 0.0635
4382 0.1892
4383 0.1793
4384 0.2579
4385 0.1689
4386 0.1141
4387 0.0922
4388 0.1671
4389 0.1929
4390 0.2931
4391 0.3646
4392 0.2851
4393 0.1680
4394 0.2462
4395 0.6303
4396 0.3104
4397 0.2772
4398 0.2279
4399 0.4028
4400 0.4351
4401 0.1594
4402 0.2210
4403 0.2299
4404 0.8115
4405 0.1654
4406 0.0733
4407 0.1763
4408 0.1425
4409 0.0718
4410 0.1761
4411 0.1665
4412 0.1405
4413 0.0874
4414 0.0814
4415 0.1232
4416 0.2180
4417 0.1732
4418 0.2996
4419 0.1430
4420 0.1405
4421 0.1092
4422 0.2068
4423 0.0857
4424 0.0745
4425 0.0891
4426 0.2644
4427 0.1366
4428 0.1338
4429 0.1674
4430 0.0938
4431 0.0532
4432 0.2773
4433 0.1423
4434 0.1206
4435 0.3054
4436 0.1104
4437 0.1097
4438 0.0639
4439 0.3877
4440 0.2190
4441 0.0697
4442 0.3889
4443 0.1111
4444 0.6549
4445 0.2370
4446 0.2046
4447 0.1190
4448 0.1390
4449 0.2226
4450 0.0967
4451 0.2096
4452 0.1824
4453 0.4825
4454 0.0397
4455 0.2008
4456 0.1505
4457 0.1618
4458 0.0949
4459 0.0861
4460 0.2035
4461 0.2879
4462 0.1281
4463 0.1273
4464 0.2102
4465 0.0966
4466 0.3443
4467 0.0730
4468 0.2348
4469 0.2310
4470 0.4181
4471 0.2605
4472 0.1929
4473 0.1289
4474 0.1401
4475 0.3491
4476 0.2137
4477 0.2656
4478 0.0233
4479 0.2727
4480 0.3219
4481 0.1049
4482 0.2582
4483 0.1515
4484 0.2549
4485 0.2821
4486 0.1685
4487 0.0838
4488 0.2346
4489 0.4821
4490 0.5125
4491 0.1000
4492 0.4257
4493 0.0982
4494 0.1948
4495 0.1195
4496 0.2306
4497 0.1403
4498 0.5094
4499 0.2314
4500 0.2413
4501 0.0927
4502 0.1017
4503 0.1524
4504 0.1937
4505 0.2947
4506 0.1479
4507 0.3553
4508 0.0699
4509 0.1184
4510 0.0830
4511 0.2073
4512 0.3126
4513 0.2963
4514 0.3172
4515 0.1326
4516 0.1004
4517 0.1364
4518 0.1731
4519 0.0908
4520 0.3980
4521 0.3119
4522 0.2466
4523 0.6178
4524 0.1695
4525 0.5531
4526 0.0696
4527 0.1136
4528 0.1170
4529 0.3350
4530 0.1792
4531 0.1890
4532 0.1118
4533 0.2499
4534 0.3395
4535 0.2895
4536 0.1778
4537 0.2371
4538 0.1480
4539 0.2387
4540 0.1698
4541 0.1000
4542 0.2119
4543 0.1519
4544 0.4015
4545 0.2504
4546 0.1200
4547 0.1549
4548 0.2212
4549 0.2430
4550 0.2851
4551 0.2555
4552 0.3861
4553 0.2140
4554 0.3555
4555 0.3054
4556 0.2440
4557 0.1717
4558 0.1578
4559 0.1432
4560 0.1472
4561 0.2107
4562 0.2932
4563 0.1521
4564 0.0997
4565 0.5149
4566 0.1142
4567 0.5166
4568 0.2309
4569 0.2238
4570 0.1019
4571 0.1714
4572 0.1222
4573 0.2362
4574 0.2640
4575 0.5534
4576 0.2475
4577 0.1585
4578 0.1578
4579 0.2210
4580 0.1754
4581 0.0985
4582 0.2455
4583 0.1230
4584 0.2103
4585 0.1830
4586 0.1930
4587 0.2758
4588 0.0235
4589 0.1233
4590 0.2838
4591 0.1781
4592 0.1055
4593 0.3619
4594 0.1848
4595 0.1839
4596 0.2391
4597 0.2009
4598 0.0988
4599 0.1578
4600 0.2519
4601 0.1670
4602 0.1626
4603 0.1644
4604 0.1439
4605 0.1561
4606 0.0371
4607 0.0599
4608 0.2000
4609 0.1155
4610 0.1973
4611 0.1673
4612 0.2431
4613 0.3420
4614 0.1613
4615 0.1265
4616 0.2773
4617 0.1841
4618 0.2189
4619 0.1600
4620 0.1712
4621 0.0285
4622 0.2757
4623 0.1112
4624 0.3054
4625 0.1344
4626 0.1412
4627 0.1373
4628 0.2953
4629 0.4959
4630 0.3357
4631 0.1936
4632 0.0979
4633 0.2074
4634 0.0747
4635 0.1602
4636 0.1673
4637 0.1557
4638 0.2995
4639 0.1702
4640 0.3979
4641 0.1438
4642 0.2751
4643 0.1510
4644 0.1882
4645 0.0935
4646 0.3056
4647 0.1370
4648 0.1227
4649 0.1574
4650 0.1578
4651 0.2005
4652 0.2680
4653 0.2212
4654 0.1543
4655 0.3556
4656 0.2704
4657 0.2084
4658 0.1144
4659 0.1345
4660 0.1356
4661 0.2150
4662 0.1032
4663 0.1815
4664 0.2030
4665 0.1904
4666 0.1369
4667 0.3193
4668 0.1033
4669 0.3432
4670 0.3518
4671 0.1331
4672 0.1427
4673 0.1126
4674 0.1332
4675 0.0547
4676 0.1707
4677 0.1924
4678 0.4955
4679 0.1482
4680 0.2541
4681 0.2994
4682 0.1637
4683 0.4405
4684 0.5212
4685 0.6489
4686 0.2579
4687 0.2588
4688 0.1232
4689 0.2783
4690 0.1094
4691 0.2547
4692 0.1987
4693 0.2783
4694 0.2073
4695 0.6515
4696 0.1818
4697 0.6784
4698 0.2092
4699 0.2430
4700 0.4749
4701 0.1833
4702 0.0937
4703 0.1687
4704 0.1054
4705 0.1364
4706 0.2739
4707 0.1276
4708 0.2080
4709 0.3470
4710 0.1927
4711 0.0877
4712 0.0805
4713 0.0547
4714 0.3005
4715 0.0762
4716 0.1024
4717 0.1267
4718 0.3774
4719 0.2062
4720 0.3067
4721 0.2097
4722 0.1431
4723 0.0776
4724 0.0901
4725 0.1499
4726 0.1877
4727 0.2128
4728 0.2066
4729 0.1959
4730 0.1791
4731 0.1361
4732 0.3831
4733 0.2271
4734 0.3841
4735 0.0634
4736 0.2324
4737 0.3365
4738 0.1212
4739 0.2307
4740 0.1306
4741 0.2006
4742 0.2147
4743 0.2670
4744 0.0888
4745 0.2329
4746 0.4351
4747 0.0855
4748 0.2364
4749 0.0737
4750 0.2557
4751 0.1902
4752 0.3069
4753 0.1169
4754 0.1753
4755 0.2220
4756 0.1228
4757 0.1968
4758 0.1308
4759 0.3736
4760 0.1561
4761 0.1626
4762 0.1417
4763 0.0489
4764 0.1210
4765 0.1808
4766 0.1380
4767 0.2327
4768 0.1288
4769 0.2749
4770 0.3365
4771 0.3210
4772 0.3381
4773 0.1595
4774 0.1994
4775 0.2872
4776 0.2533
4777 0.1927
4778 0.2121
4779 0.1482
4780 0.1233
4781 0.1617
4782 0.2254
4783 0.1991
4784 0.2650
4785 0.3021
4786 0.0856
4787 0.2035
4788 0.2362
4789 0.2338
4790 0.1722
4791 0.1370
4792 0.1906
4793 0.1178
4794 0.1457
4795 0.1295
4796 0.2488
4797 0.0896
4798 0.1410
4799 0.0949
4800 0.2484
4801 0.1200
4802 0.1827
4803 0.0686
4804 0.3853
4805 0.3311
4806 0.2423
4807 0.3054
4808 0.4485
4809 0.1504
4810 0.2782
4811 0.1714
4812 0.1695
4813 0.1163
4814 0.1512
4815 0.1755
4816 0.1218
4817 0.2319
4818 0.2213
4819 0.2665
4820 0.2626
4821 0.2336
4822 0.2271
4823 0.1488
4824 0.0663
4825 0.1836
4826 0.1809
4827 0.0786
4828 0.1573
4829 0.2357
4830 0.2210
4831 0.2084
4832 0.2943
4833 0.1723
4834 0.1491
4835 0.1921
4836 0.4476
4837 0.1057
4838 0.1500
4839 0.1381
4840 0.1271
4841 0.1356
4842 0.2709
4843 0.2708
4844 0.1066
4845 0.2935
4846 0.2149
4847 0.4089
4848 0.1398
4849 0.1488
4850 0.1813
4851 0.3062
4852 0.2972
4853 0.2562
4854 0.1405
4855 0.0954
4856 0.6195
4857 0.1788
4858 0.1769
4859 0.0888
4860 0.1140
4861 0.1778
4862 0.1893
4863 0.1966
4864 0.1900
4865 0.1452
4866 0.6541
4867 0.1283
4868 0.0837
4869 0.0639
4870 0.0738
4871 0.1929
4872 0.0919
4873 0.2809
4874 0.1978
4875 0.1564
4876 0.5050
4877 0.1994
4878 0.3502
4879 0.2087
4880 0.2071
4881 0.1502
4882 0.0378
4883 0.1684
4884 0.1498
4885 0.1503
4886 0.1536
4887 0.1554
4888 0.1375
4889 0.2825
4890 0.2486
4891 0.3115
4892 0.2251
4893 0.1684
4894 0.1569
4895 0.2071
4896 0.1597
4897 0.1129
4898 0.1513
4899 0.2468
4900 0.2080
4901 0.1213
4902 0.3170
4903 0.1210
4904 0.1266
4905 0.1523
4906 0.1862
4907 0.2079
4908 0.6303
4909 0.1733
4910 0.1232
4911 0.1399
4912 0.1769
4913 0.2088
4914 0.3383
4915 0.1669
4916 0.1083
4917 0.1811
4918 0.4853
4919 0.1210
4920 0.1370
4921 0.1347
4922 0.1513
4923 0.2204
4924 0.2675
4925 0.1748
4926 0.1237
4927 0.2037
4928 0.0936
4929 0.1682
4930 0.1004
4931 0.2756
4932 0.6028
4933 0.1061
4934 0.0824
4935 0.2661
4936 0.1644
4937 0.3102
4938 0.1511
4939 0.2295
4940 0.1674
4941 0.1706
4942 0.3861
4943 0.3290
4944 0.5506
4945 0.0939
4946 0.2505
4947 0.1472
4948 0.1599
4949 0.1301
4950 0.3604
4951 0.1313
4952 0.0500
4953 0.1408
4954 0.1832
4955 0.0966
4956 0.0942
4957 0.3842
4958 0.0471
4959 0.0841
4960 0.5669
4961 0.2424
4962 0.2282
4963 0.2537
4964 0.1471
4965 0.2073
4966 0.1557
4967 0.1249
4968 0.2861
4969 0.1437
4970 0.4529
4971 0.2177
4972 0.1046
4973 0.2411
4974 0.0453
4975 0.1879
4976 0.1568
4977 0.1297
4978 0.2037
4979 0.0986
4980 0.1524
4981 0.1009
4982 0.1510
4983 0.1159
4984 0.1580
4985 0.2243
4986 0.5882
4987 0.3065
4988 0.3146
4989 0.1249
4990 0.2989
4991 0.1833
4992 0.2215
4993 0.1830
4994 0.0508
4995 0.3125
4996 0.2404
4997 0.5305
4998 0.1881
4999 0.5171
5000 0.1297
