1 1.3003
2 1.2545
3 1.1836
4 1.2049
5 1.2150
6 1.1006
7 1.2492
8 1.1885
9 1.2044
10 1.1434
11 1.1216
12 1.0607
13 1.0946
14 1.0274
15 1.1702
16 1.1262
17 1.1030
18 1.1626
19 1.0778
20 1.0458
21 1.0947
22 1.1949
23 1.1090
24 1.1507
25 1.1389
26 1.1718
27 1.1938
28 1.1200
29 1.0668
30 1.0975
31 1.0310
32 1.0392
33 1.0365
34 0.9422
35 1.0158
36 0.9724
37 1.1286
38 1.1481
39 1.1706
40 0.9976
41 1.0069
42 0.9135
43 1.2272
44 0.9988
45 1.0283
46 1.0297
47 1.2480
48 1.0845
49 1.2547
50 1.0619
51 1.0146
52 0.9590
53 1.0227
54 1.3685
55 1.0850
56 1.0076
57 0.9820
58 1.0523
59 0.9537
60 1.1666
61 1.0540
62 1.0943
63 1.1163
64 1.2242
65 1.1269
66 1.0025
67 1.1066
68 0.9812
69 1.0405
70 1.0149
71 0.9408
72 1.0272
73 0.9260
74 1.1157
75 1.1360
76 0.9763
77 1.0242
78 1.0297
79 1.1332
80 1.0883
81 0.8739
82 1.0014
83 0.9559
84 1.0958
85 0.9908
86 1.1727
87 1.0201
88 1.1031
89 1.1739
90 1.0442
91 1.1562
92 1.1470
93 1.1681
94 0.9235
95 0.9176
96 1.0836
97 0.9186
98 0.9040
99 1.1303
100 0.8751
101 1.2244
102 1.0932
103 1.0979
104 1.0043
105 1.0243
106 1.1563
107 0.8161
108 0.8819
109 0.9774
110 1.1737
111 1.0474
112 0.8585
113 0.8807
114 0.9700
115 1.1012
116 0.8999
117 0.9441
118 1.2243
119 0.8829
120 0.9511
121 1.0194
122 0.8535
123 1.1183
124 0.9322
125 1.1429
126 0.9769
127 1.0248
128 0.9609
129 1.0923
130 1.0831
131 0.8659
132 0.9371
133 1.0131
134 0.8921
135 1.0678
136 0.9891
137 0.9163
138 0.8652
139 0.9913
140 0.9022
141 1.0361
142 0.9479
143 0.9792
144 1.0762
145 0.9336
146 0.9377
147 0.9489
148 0.9394
149 0.8552
150 0.8716
151 1.0242
152 0.8692
153 0.8196
154 0.9885
155 0.7689
156 0.7762
157 0.8932
158 1.0438
159 0.8140
160 0.8253
161 0.8498
162 0.9407
163 0.8566
164 0.9148
165 0.9007
166 0.9940
167 0.8988
168 0.9184
169 0.9384
170 0.8955
171 0.7896
172 0.9278
173 0.8358
174 0.7300
175 0.8790
176 0.8549
177 0.8596
178 0.9312
179 0.8834
180 0.7647
181 0.8394
182 0.8975
183 0.8275
184 0.8918
185 0.7906
186 0.8804
187 0.8201
188 0.7992
189 0.9548
190 0.9919
191 0.9374
192 0.8119
193 0.7559
194 0.8176
195 0.7871
196 0.7564
197 0.9960
198 0.7665
199 0.7648
200 0.6494
201 0.6788
202 0.7942
203 0.8650
204 0.7074
205 0.8396
206 0.8366
207 0.7499
208 0.8040
209 0.7868
210 0.8524
211 0.7283
212 0.7529
213 0.8635
214 0.8017
215 0.7842
216 0.9328
217 0.6663
218 0.8913
219 0.6949
220 0.7596
221 0.8112
222 0.6684
223 0.7591
224 0.6383
225 0.7430
226 0.6445
227 0.6736
228 0.6814
229 0.7992
230 0.7024
231 0.8499
232 0.9690
233 0.7071
234 0.7711
235 0.7418
236 0.6751
237 0.7644
238 0.7985
239 0.6577
240 0.6072
241 0.6136
242 0.7778
243 0.9091
244 0.7076
245 0.5460
246 0.7080
247 0.7718
248 0.7073
249 0.6090
250 0.5149
251 0.8266
252 0.6775
253 0.6412
254 0.6051
255 0.5430
256 0.7055
257 0.6748
258 0.7908
259 0.7070
260 0.7693
261 0.6986
262 0.4972
263 0.6112
264 0.6154
265 0.5983
266 0.6350
267 0.6774
268 0.6030
269 0.6024
270 0.5686
271 0.6741
272 0.6339
273 0.6251
274 0.6674
275 0.5714
276 0.6383
277 0.5076
278 0.6292
279 0.4657
280 0.6101
281 0.7147
282 0.5524
283 0.6945
284 0.6803
285 0.6333
286 0.6168
287 0.6049
288 0.5797
289 0.5645
290 0.7587
291 0.5566
292 0.6448
293 0.6008
294 0.6551
295 0.7295
296 0.5591
297 0.5854
298 0.4732
299 0.5475
300 0.5720
301 0.6018
302 0.5688
303 0.5724
304 0.6054
305 0.5280
306 0.6932
307 0.6489
308 0.5357
309 0.5586
310 0.6054
311 0.6752
312 0.5206
313 0.5753
314 0.4876
315 0.5016
316 0.6335
317 0.5773
318 0.4262
319 0.5726
320 0.5641
321 0.3640
322 0.5651
323 0.6043
324 0.6430
325 0.5968
326 0.5045
327 0.6558
328 0.4793
329 0.5639
330 0.4762
331 0.6499
332 0.5221
333 0.5399
334 0.5379
335 0.5255
336 0.6127
337 0.6283
338 0.5596
339 0.5094
340 0.6434
341 0.4389
342 0.7140
343 0.4976
344 0.6223
345 0.4170
346 0.6240
347 0.6559
348 0.5338
349 0.5742
350 0.5228
351 0.4569
352 0.3904
353 0.5804
354 0.5884
355 0.5694
356 0.4814
357 0.5824
358 0.6054
359 0.4896
360 0.4296
361 0.5331
362 0.5377
363 0.3752
364 0.4946
365 0.4196
366 0.6211
367 0.3844
368 0.6986
369 0.5271
370 0.4810
371 0.4988
372 0.5997
373 0.5161
374 0.4327
375 0.4979
376 0.5507
377 0.4489
378 0.5314
379 0.4559
380 0.4452
381 0.4088
382 0.5085
383 0.4333
384 0.5176
385 0.5549
386 0.5813
387 0.4628
388 0.4920
389 0.5259
390 0.4082
391 0.5183
392 0.5880
393 0.4671
394 0.4507
395 0.4744
396 0.4223
397 0.4988
398 0.5395
399 0.4403
400 0.4720
401 0.6024
402 0.5026
403 0.5684
404 0.4175
405 0.5279
406 0.5389
407 0.4611
408 0.3815
409 0.4392
410 0.4806
411 0.4270
412 0.5186
413 0.5239
414 0.4678
415 0.4381
416 0.3743
417 0.4816
418 0.4735
419 0.5841
420 0.3956
421 0.5940
422 0.5062
423 0.3921
424 0.4662
425 0.3918
426 0.6376
427 0.3119
428 0.5410
429 0.4607
430 0.4784
431 0.4099
432 0.5034
433 0.6358
434 0.4361
435 0.3707
436 0.4566
437 0.3674
438 0.4524
439 0.4433
440 0.5141
441 0.5162
442 0.4173
443 0.4323
444 0.4732
445 0.4594
446 0.6087
447 0.3922
448 0.3625
449 0.4916
450 0.3749
451 0.3412
452 0.3858
453 0.5043
454 0.4616
455 0.4106
456 0.3998
457 0.4163
458 0.4162
459 0.4431
460 0.3904
461 0.4119
462 0.3991
463 0.4405
464 0.4228
465 0.4794
466 0.4247
467 0.4445
468 0.3641
469 0.4503
470 0.4048
471 0.4207
472 0.3615
473 0.3252
474 0.4503
475 0.5094
476 0.6452
477 0.4905
478 0.4602
479 0.5099
480 0.5970
481 0.4620
482 0.4155
483 0.5630
484 0.5299
485 0.4220
486 0.2714
487 0.4667
488 0.4382
489 0.5217
490 0.5239
491 0.4623
492 0.3506
493 0.5026
494 0.4605
495 0.3323
496 0.4571
497 0.3747
498 0.3487
499 0.4233
500 0.3867
501 0.3801
502 0.4278
503 0.3973
504 0.4421
505 0.4053
506 0.4696
507 0.2547
508 0.4063
509 0.4008
510 0.3689
511 0.4006
512 0.4500
513 0.5872
514 0.3388
515 0.4679
516 0.3540
517 0.3724
518 0.4574
519 0.3234
520 0.4759
521 0.4717
522 0.3541
523 0.6219
524 0.5314
525 0.3569
526 0.3946
527 0.3708
528 0.3970
529 0.4474
530 0.2624
531 0.3523
532 0.3691
533 0.4590
534 0.3875
535 0.3794
536 0.2680
537 0.3456
538 0.2832
539 0.4055
540 0.3792
541 0.3785
542 0.3787
543 0.3687
544 0.3848
545 0.3837
546 0.3276
547 0.3666
548 0.3236
549 0.4449
550 0.4083
551 0.4906
552 0.3618
553 0.3477
554 0.4159
555 0.6965
556 0.2817
557 0.4711
558 0.4309
559 0.3119
560 0.3430
561 0.3890
562 0.4830
563 0.3723
564 0.4528
565 0.4979
566 0.4616
567 0.4194
568 0.3499
569 0.4104
570 0.4543
571 0.3393
572 0.3838
573 0.3230
574 0.2441
575 0.4725
576 0.3613
577 0.3630
578 0.5058
579 0.3485
580 0.3708
581 0.3360
582 0.3945
583 0.4069
584 0.3390
585 0.4125
586 0.3248
587 0.6826
588 0.3234
589 0.4322
590 0.4255
591 0.4136
592 0.4582
593 0.2902
594 0.3775
595 0.4175
596 0.3675
597 0.3513
598 0.2405
599 0.4313
600 0.3257
601 0.2568
602 0.3442
603 0.4189
604 0.3830
605 0.3733
606 0.4625
607 0.3001
608 0.3711
609 0.4324
610 0.2965
611 0.4290
612 0.3668
613 0.3522
614 0.4094
615 0.2954
616 0.3933
617 0.3138
618 0.3655
619 0.4250
620 0.5313
621 0.3707
622 0.5045
623 0.5827
624 0.3742
625 0.2914
626 0.5255
627 0.3294
628 0.4912
629 0.3457
630 0.3337
631 0.3847
632 0.2967
633 0.3318
634 0.4097
635 0.3527
636 0.3461
637 0.2273
638 0.3432
639 0.2530
640 0.3703
641 0.4114
642 0.4058
643 0.2231
644 0.3742
645 0.3205
646 0.3757
647 0.4231
648 0.5546
649 0.3903
650 0.4206
651 0.3566
652 0.3048
653 0.3807
654 0.3256
655 0.3860
656 0.2117
657 0.3359
658 0.2648
659 0.2780
660 0.3900
661 0.3113
662 0.5115
663 0.4546
664 0.3503
665 0.5507
666 0.3056
667 0.4126
668 0.2453
669 0.5617
670 0.3175
671 0.3027
672 0.2410
673 0.2647
674 0.3009
675 0.3017
676 0.4244
677 0.3580
678 0.2289
679 0.3286
680 0.2794
681 0.2755
682 0.4515
683 0.3875
684 0.3854
685 0.3884
686 0.3409
687 0.4604
688 0.4264
689 0.2764
690 0.3442
691 0.4504
692 0.3077
693 0.2822
694 0.3096
695 0.3439
696 0.2825
697 0.4034
698 0.2706
699 0.3343
700 0.5450
701 0.7185
702 0.3666
703 0.4470
704 0.3197
705 0.2871
706 0.2944
707 0.4342
708 0.2508
709 0.2949
710 0.3631
711 0.3118
712 0.2794
713 0.3481
714 0.3802
715 0.3067
716 0.2889
717 0.3222
718 0.3575
719 0.4098
720 0.3400
721 0.3824
722 0.2695
723 0.2878
724 0.5422
725 0.3978
726 0.2825
727 0.3409
728 0.3401
729 0.3254
730 0.2862
731 0.3975
732 0.7177
733 0.2540
734 0.3948
735 0.2493
736 0.3890
737 0.2780
738 0.3477
739 0.3711
740 0.2198
741 0.3262
742 0.4160
743 0.3479
744 0.3201
745 0.2518
746 0.3645
747 0.3224
748 0.3570
749 0.3737
750 0.3151
751 0.2158
752 0.1977
753 0.7363
754 0.3037
755 0.2561
756 0.3101
757 0.2587
758 0.3610
759 0.2762
760 0.3474
761 0.4303
762 0.4588
763 0.3442
764 0.5407
765 0.2594
766 0.2979
767 0.4528
768 0.3404
769 0.3156
770 0.2435
771 0.2105
772 0.4365
773 0.3789
774 0.3828
775 0.2699
776 0.3399
777 0.3030
778 0.3064
779 0.4163
780 0.2920
781 0.4188
782 0.4727
783 0.4407
784 0.4726
785 0.3297
786 0.3308
787 0.5069
788 0.3649
789 0.1944
790 0.2891
791 0.3498
792 0.2941
793 0.3059
794 0.2996
795 0.2270
796 0.3507
797 0.2760
798 0.2811
799 0.3443
800 0.3120
801 0.3864
802 0.2834
803 0.2759
804 0.2556
805 0.3098
806 0.2784
807 0.2359
808 0.2805
809 0.4561
810 0.2245
811 0.4190
812 0.4088
813 0.3691
814 0.2874
815 0.2753
816 0.4111
817 0.2328
818 0.4993
819 0.3140
820 0.5905
821 0.6722
822 0.7472
823 0.3543
824 0.2753
825 0.2850
826 0.2430
827 0.3026
828 0.3341
829 0.4028
830 0.2631
831 0.3546
832 0.3168
833 0.2950
834 0.3636
835 0.3007
836 0.2693
837 0.4007
838 0.6917
839 0.2245
840 0.3326
841 0.2744
842 0.3938
843 0.3288
844 0.2108
845 0.2638
846 0.3427
847 0.5361
848 0.2632
849 0.2990
850 0.3229
851 0.3120
852 0.2041
853 0.2551
854 0.3336
855 0.2977
856 0.2272
857 0.5913
858 0.1843
859 0.2731
860 0.4173
861 0.3916
862 0.2468
863 0.3011
864 0.3143
865 0.3962
866 0.1607
867 0.3520
868 0.4939
869 0.2952
870 0.3811
871 0.2481
872 0.2630
873 0.4191
874 0.1904
875 0.3438
876 0.2802
877 0.2024
878 0.2310
879 0.3268
880 0.1866
881 0.2956
882 0.4649
883 0.2929
884 0.6329
885 0.3891
886 0.3595
887 0.2517
888 0.2790
889 0.3568
890 0.3226
891 0.3725
892 0.3373
893 0.2596
894 0.1786
895 0.2651
896 0.3354
897 0.3520
898 0.3167
899 0.1719
900 0.4045
901 0.2847
902 0.3644
903 0.2793
904 0.2785
905 0.2282
906 0.3969
907 0.2451
908 0.4219
909 0.4308
910 0.1926
911 0.2329
912 0.2597
913 0.4050
914 0.2955
915 0.4243
916 0.2718
917 0.1720
918 0.2936
919 0.4131
920 0.2964
921 0.2849
922 0.2716
923 0.2214
924 0.2935
925 0.1738
926 0.3538
927 0.2599
928 0.2093
929 0.1930
930 0.2576
931 0.2617
932 0.4841
933 0.2565
934 0.3422
935 0.2806
936 0.5887
937 0.2935
938 0.3208
939 0.4631
940 0.3022
941 0.3494
942 0.3539
943 0.2174
944 0.3096
945 0.2746
946 0.3276
947 0.2600
948 0.1756
949 0.4364
950 0.6202
951 0.2362
952 0.2006
953 0.1604
954 0.3640
955 0.2608
956 0.3500
957 0.2932
958 0.1925
959 0.2104
960 0.2342
961 0.1908
962 0.3882
963 0.3273
964 0.2541
965 0.6109
966 0.3234
967 0.2991
968 0.4569
969 0.3632
970 0.2697
971 0.2943
972 0.2993
973 0.2071
974 0.3508
975 0.2333
976 0.3527
977 0.2602
978 0.2502
979 0.3126
980 0.2775
981 0.2355
982 0.3660
983 0.2192
984 0.3633
985 0.4312
986 0.2776
987 0.3539
988 0.2987
989 0.2576
990 0.2496
991 0.2926
992 0.2953
993 0.3413
994 0.2633
995 0.2637
996 0.3706
997 0.3981
998 0.2048
999 0.3341
1000 0.3757
1001 0.2552
1002 0.2770
1003 0.3449
1004 0.3914
1005 0.2504
1006 0.4334
1007 0.2779
1008 0.2956
1009 0.1652
1010 0.3251
1011 0.3988
1012 0.2914
1013 0.2562
1014 0.3009
1015 0.9451
1016 0.2629
1017 0.3262
1018 0.2442
1019 0.1761
1020 0.2219
1021 0.2515
1022 0.2278
1023 0.2226
1024 0.3585
1025 0.3775
1026 0.2359
1027 0.2186
1028 0.3427
1029 0.2083
1030 0.2604
1031 0.4037
1032 0.3053
1033 0.4417
1034 0.2809
1035 0.3645
1036 0.2776
1037 0.4197
1038 0.2202
1039 0.2203
1040 0.2560
1041 0.3659
1042 0.4817
1043 0.3954
1044 0.3199
1045 0.2734
1046 0.3441
1047 0.3522
1048 0.4237
1049 0.2041
1050 0.3885
1051 0.3783
1052 0.3547
1053 0.4710
1054 0.3388
1055 0.2368
1056 0.2045
1057 0.2524
1058 0.2262
1059 0.4392
1060 0.3074
1061 0.2212
1062 0.2147
1063 0.2754
1064 0.8109
1065 0.2007
1066 0.2428
1067 0.2353
1068 0.3660
1069 0.3041
1070 0.3877
1071 0.2746
1072 0.1253
1073 0.1617
1074 0.3824
1075 0.2880
1076 0.3154
1077 0.2669
1078 0.3264
1079 0.2873
1080 0.4401
1081 0.2813
1082 0.2664
1083 0.2258
1084 0.2765
1085 0.3001
1086 0.3391
1087 0.3132
1088 0.2567
1089 0.4165
1090 0.3669
1091 0.3217
1092 0.3161
1093 0.2319
1094 0.3316
1095 0.2071
1096 0.3306
1097 0.1906
1098 0.3874
1099 0.3351
1100 0.4054
1101 0.4016
1102 0.3660
1103 0.2500
1104 0.3548
1105 0.3641
1106 0.3690
1107 0.2792
1108 0.2134
1109 0.3688
1110 0.3758
1111 0.3346
1112 0.2617
1113 0.1676
1114 0.2321
1115 0.8085
1116 0.1504
1117 0.2563
1118 0.2526
1119 0.4980
1120 0.2878
1121 0.4397
1122 0.2121
1123 0.3383
1124 0.2452
1125 0.2096
1126 0.2837
1127 0.1463
1128 0.3158
1129 0.1825
1130 0.3140
1131 0.1950
1132 0.1473
1133 0.2163
1134 0.3237
1135 0.2101
1136 0.2936
1137 0.4839
1138 0.2053
1139 0.3272
1140 0.3464
1141 0.3274
1142 0.5055
1143 0.2581
1144 0.2731
1145 0.1964
1146 0.3624
1147 0.2818
1148 0.2287
1149 0.2530
1150 0.2415
1151 0.1994
1152 0.3820
1153 0.2587
1154 0.3043
1155 0.2889
1156 0.2300
1157 0.3148
1158 0.2100
1159 0.2942
1160 0.2594
1161 0.2914
1162 0.2575
1163 0.3361
1164 0.2925
1165 0.4859
1166 0.2452
1167 0.2555
1168 0.3696
1169 0.2159
1170 0.2470
1171 0.3415
1172 0.2987
1173 0.3334
1174 0.3285
1175 0.6241
1176 0.2793
1177 0.3046
1178 0.1761
1179 0.1803
1180 0.2740
1181 0.2922
1182 0.2220
1183 0.3637
1184 0.1921
1185 0.2482
1186 0.4471
1187 0.3139
1188 0.2542
1189 0.3050
1190 0.2824
1191 0.3347
1192 0.2280
1193 0.2229
1194 0.2625
1195 0.2385
1196 0.3900
1197 0.2899
1198 0.3931
1199 0.2865
1200 0.3169
1201 0.2053
1202 0.3273
1203 0.2510
1204 0.6284
1205 0.2124
1206 0.1970
1207 0.2300
1208 0.2584
1209 0.2592
1210 0.2049
1211 0.2987
1212 0.2767
1213 0.2047
1214 0.2260
1215 0.2808
1216 0.3801
1217 0.2246
1218 0.2314
1219 0.3685
1220 0.2152
1221 0.1864
1222 0.2638
1223 0.3358
1224 0.3769
1225 0.2516
1226 0.2164
1227 0.2546
1228 0.3002
1229 0.1354
1230 0.2383
1231 0.3524
1232 0.4636
1233 0.2666
1234 0.2224
1235 0.1674
1236 0.2996
1237 0.2506
1238 0.2116
1239 0.1263
1240 0.4011
1241 0.1796
1242 0.2123
1243 0.2636
1244 0.6529
1245 0.2553
1246 0.3626
1247 0.2657
1248 0.2616
1249 0.3062
1250 0.2075
1251 0.3834
1252 0.3277
1253 0.2130
1254 0.3072
1255 0.3492
1256 0.1464
1257 0.3065
1258 0.2158
1259 0.2547
1260 0.2316
1261 0.2150
1262 0.3021
1263 0.3068
1264 0.2269
1265 0.4178
1266 0.2918
1267 0.3210
1268 0.3611
1269 0.4720
1270 0.1558
1271 0.2459
1272 0.3652
1273 0.2549
1274 0.1893
1275 0.2168
1276 0.2642
1277 0.2810
1278 0.7499
1279 0.2035
1280 0.2228
1281 0.1568
1282 0.2495
1283 0.1493
1284 0.2158
1285 0.2264
1286 0.4146
1287 0.3569
1288 0.2946
1289 0.1982
1290 0.2212
1291 0.1353
1292 0.2065
1293 0.4250
1294 0.2068
1295 0.3415
1296 0.2742
1297 0.3170
1298 0.1834
1299 0.2935
1300 0.1967
1301 0.2528
1302 0.5084
1303 0.2834
1304 0.4655
1305 0.1449
1306 0.2139
1307 0.3147
1308 0.2272
1309 0.1800
1310 0.2116
1311 0.2359
1312 0.2953
1313 0.2183
1314 0.2887
1315 0.3361
1316 0.2317
1317 0.2787
1318 0.2136
1319 0.2234
1320 0.2294
1321 0.3686
1322 0.2365
1323 0.3921
1324 0.2513
1325 0.4510
1326 0.3613
1327 0.2536
1328 0.2911
1329 0.3587
1330 0.2374
1331 0.2554
1332 0.3144
1333 0.2353
1334 0.2241
1335 0.1732
1336 0.1533
1337 0.3067
1338 0.3193
1339 0.3552
1340 0.3759
1341 0.3082
1342 0.3268
1343 0.2385
1344 0.3024
1345 0.2229
1346 0.1728
1347 0.3104
1348 0.2600
1349 0.4157
1350 0.3985
1351 0.2448
1352 0.2000
1353 0.6248
1354 0.4761
1355 0.3576
1356 0.1907
1357 0.1880
1358 0.2683
1359 0.2445
1360 0.1671
1361 0.1623
1362 0.3444
1363 0.2735
1364 0.3478
1365 0.5042
1366 0.3548
1367 0.2331
1368 0.5672
1369 0.2450
1370 0.3118
1371 0.1919
1372 0.5714
1373 0.1601
1374 0.8750
1375 0.3355
1376 0.3128
1377 0.1997
1378 0.3228
1379 0.2654
1380 0.4002
1381 0.1504
1382 0.1590
1383 0.2447
1384 0.1942
1385 0.3841
1386 0.4287
1387 0.2403
1388 0.3084
1389 0.2739
1390 0.2122
1391 0.2078
1392 0.1815
1393 0.2575
1394 0.2824
1395 0.2751
1396 0.2365
1397 0.2027
1398 0.2686
1399 0.3293
1400 0.2312
1401 0.3478
1402 0.3042
1403 0.3258
1404 0.2617
1405 0.4157
1406 0.1922
1407 0.3325
1408 0.2978
1409 0.3592
1410 0.1397
1411 0.3311
1412 0.2753
1413 0.2456
1414 0.3432
1415 0.4328
1416 0.5651
1417 0.3210
1418 0.2993
1419 0.2396
1420 0.3520
1421 0.2165
1422 0.3670
1423 0.1399
1424 0.5218
1425 0.2807
1426 0.3618
1427 0.4069
1428 0.4515
1429 0.2514
1430 0.2980
1431 0.1771
1432 0.2651
1433 0.2825
1434 0.3652
1435 0.1976
1436 0.4331
1437 0.2653
1438 0.2342
1439 0.2161
1440 0.3017
1441 0.2404
1442 0.2362
1443 0.2475
1444 0.1868
1445 0.1794
1446 0.2812
1447 0.2332
1448 0.1916
1449 0.2625
1450 0.3722
1451 0.2295
1452 0.2297
1453 0.2896
1454 0.3695
1455 0.2860
1456 0.2593
1457 0.2687
1458 0.2268
1459 0.2384
1460 0.2313
1461 0.2413
1462 0.2244
1463 0.4745
1464 0.3266
1465 0.1711
1466 0.1183
1467 0.2444
1468 0.2624
1469 0.1836
1470 0.3429
1471 0.1722
1472 0.2299
1473 0.2621
1474 0.2204
1475 0.3472
1476 0.2319
1477 0.2118
1478 0.2201
1479 0.3054
1480 0.2032
1481 0.1345
1482 0.1883
1483 0.2530
1484 0.2545
1485 0.2744
1486 0.1251
1487 0.1712
1488 0.1449
1489 0.3473
1490 0.3293
1491 0.2441
1492 0.3040
1493 0.2329
1494 0.1626
1495 0.2253
1496 0.2293
1497 0.6273
1498 0.3430
1499 0.2453
1500 0.3476
1501 0.1344
1502 0.2101
1503 0.1537
1504 0.2106
1505 0.1925
1506 0.3292
1507 0.2605
1508 0.2266
1509 0.2130
1510 0.1979
1511 0.2677
1512 0.1819
1513 0.2816
1514 0.2379
1515 0.2400
1516 0.2385
1517 0.3920
1518 0.2353
1519 0.3326
1520 0.1984
1521 0.3590
1522 0.2324
1523 0.3742
1524 0.2933
1525 0.2872
1526 0.2778
1527 0.1552
1528 0.2736
1529 0.1839
1530 0.2822
1531 0.1996
1532 0.2888
1533 0.2534
1534 0.2756
1535 0.0972
1536 0.1708
1537 0.2964
1538 0.3136
1539 0.1377
1540 0.3145
1541 0.1993
1542 0.4762
1543 0.2614
1544 0.2377
1545 0.4206
1546 0.3429
1547 0.4720
1548 0.4497
1549 0.2130
1550 0.2048
1551 0.6040
1552 0.2935
1553 0.3156
1554 0.1494
1555 0.2043
1556 0.1556
1557 0.3549
1558 0.3158
1559 0.1699
1560 0.4501
1561 0.1460
1562 0.1865
1563 0.2347
1564 0.2320
1565 0.2775
1566 0.3412
1567 0.2766
1568 0.2344
1569 0.2442
1570 0.1579
1571 0.1859
1572 0.1986
1573 0.3101
1574 0.4824
1575 0.3056
1576 0.2069
1577 0.3414
1578 0.1115
1579 0.1550
1580 0.4156
1581 0.2935
1582 0.3780
1583 0.2518
1584 0.2204
1585 0.1666
1586 0.2488
1587 0.2832
1588 0.2169
1589 0.2123
1590 0.1805
1591 0.1465
1592 0.3899
1593 0.2522
1594 0.1335
1595 0.3217
1596 0.2549
1597 0.1820
1598 0.2292
1599 0.2008
1600 0.3283
1601 0.2805
1602 0.1217
1603 0.2530
1604 0.2069
1605 0.3005
1606 0.5412
1607 0.3418
1608 0.2539
1609 0.2100
1610 0.2304
1611 0.2163
1612 0.2426
1613 0.2206
1614 0.3029
1615 0.4591
1616 0.2515
1617 0.2786
1618 0.2746
1619 0.3133
1620 0.2618
1621 0.2227
1622 0.2088
1623 0.5149
1624 0.1384
1625 0.4408
1626 0.1140
1627 0.2150
1628 0.4282
1629 0.2668
1630 0.1534
1631 0.2703
1632 0.3263
1633 0.2403
1634 0.1797
1635 0.1771
1636 0.2837
1637 0.2894
1638 0.3419
1639 0.1958
1640 0.2587
1641 0.1349
1642 0.1764
1643 0.2688
1644 0.1864
1645 0.1791
1646 0.1742
1647 0.3980
1648 0.2937
1649 0.2122
1650 0.1724
1651 0.2823
1652 0.0862
1653 0.3125
1654 0.2753
1655 0.3274
1656 0.4198
1657 0.2781
1658 0.5707
1659 0.3348
1660 0.2652
1661 0.2124
1662 0.1701
1663 0.2494
1664 0.9021
1665 0.1429
1666 0.2785
1667 0.3526
1668 0.3870
1669 0.1607
1670 0.4337
1671 0.2750
1672 0.2767
1673 0.2728
1674 0.1721
1675 0.3182
1676 0.2551
1677 0.3140
1678 0.2088
1679 0.3364
1680 0.4475
1681 0.2930
1682 0.3460
1683 0.3509
1684 0.2048
1685 0.4147
1686 0.1429
1687 0.2047
1688 0.3437
1689 0.7051
1690 0.2512
1691 0.1821
1692 0.2531
1693 0.4578
1694 0.3436
1695 0.3618
1696 0.1387
1697 0.2087
1698 0.2690
1699 0.1966
1700 0.3934
1701 0.1873
1702 0.2112
1703 0.2402
1704 0.2752
1705 0.2688
1706 0.2000
1707 0.1955
1708 0.1973
1709 0.1729
1710 0.2119
1711 0.3142
1712 0.2768
1713 0.2648
1714 0.5941
1715 0.2611
1716 0.2235
1717 0.3060
1718 0.1984
1719 0.1763
1720 0.3225
1721 0.1449
1722 0.1547
1723 0.2700
1724 0.2950
1725 0.2133
1726 0.2694
1727 0.2434
1728 0.1494
1729 0.2812
1730 0.2462
1731 0.2721
1732 0.2641
1733 0.2912
1734 0.4609
1735 0.2792
1736 0.2351
1737 0.1894
1738 0.1747
1739 0.2399
1740 0.2233
1741 0.3541
1742 0.3835
1743 0.1521
1744 0.2166
1745 0.2443
1746 0.2477
1747 0.3911
1748 0.3537
1749 0.5177
1750 0.2443
1751 0.3818
1752 0.1522
1753 0.2435
1754 0.2297
1755 0.1548
1756 0.2561
1757 0.4096
1758 0.3112
1759 0.1872
1760 0.8267
1761 0.1603
1762 0.3780
1763 0.2278
1764 0.3615
1765 0.1905
1766 0.8369
1767 0.3248
1768 0.2176
1769 0.2905
1770 0.2513
1771 0.2532
1772 0.2038
1773 0.3684
1774 0.1740
1775 0.1396
1776 0.1658
1777 0.3790
1778 0.2374
1779 0.2720
1780 0.1967
1781 0.3050
1782 0.3366
1783 0.2910
1784 0.2363
1785 0.2649
1786 0.2617
1787 0.1867
1788 0.1855
1789 0.1100
1790 0.1898
1791 0.1995
1792 0.3165
1793 0.2064
1794 0.2928
1795 0.1459
1796 0.2192
1797 0.2567
1798 0.1764
1799 0.3297
1800 0.2574
1801 0.3220
1802 0.2471
1803 0.2732
1804 0.4131
1805 0.2155
1806 0.1578
1807 0.1207
1808 0.2915
1809 0.2445
1810 0.2038
1811 0.3205
1812 0.1960
1813 0.2391
1814 0.3307
1815 0.1943
1816 0.2152
1817 0.3081
1818 0.1653
1819 0.1734
1820 0.3515
1821 0.1565
1822 0.6591
1823 0.3514
1824 0.1082
1825 0.3388
1826 0.2263
1827 0.5835
1828 0.2690
1829 0.3418
1830 0.3104
1831 0.1847
1832 0.1118
1833 0.2257
1834 0.2144
1835 0.2869
1836 0.2273
1837 0.2281
1838 0.4441
1839 0.5842
1840 0.1750
1841 0.1808
1842 0.2359
1843 0.1938
1844 0.1913
1845 0.1798
1846 0.2562
1847 1.0705
1848 0.4190
1849 0.2171
1850 0.2694
1851 0.2810
1852 0.0660
1853 0.2056
1854 0.1665
1855 0.1625
1856 0.1364
1857 0.2999
1858 0.2460
1859 0.3087
1860 0.1624
1861 0.2033
1862 0.2526
1863 0.5024
1864 0.2297
1865 0.2645
1866 0.1913
1867 0.1908
1868 0.2771
1869 0.2033
1870 0.2209
1871 0.2653
1872 0.1495
1873 0.1751
1874 0.5311
1875 0.1884
1876 0.1958
1877 0.1395
1878 0.1367
1879 0.3187
1880 0.2027
1881 0.1229
1882 0.2339
1883 0.1590
1884 0.2948
1885 0.4123
1886 0.2558
1887 0.3173
1888 0.3522
1889 0.2734
1890 0.4354
1891 0.1491
1892 0.2547
1893 0.2798
1894 0.3038
1895 0.9405
1896 0.2214
1897 0.2203
1898 0.2974
1899 0.2669
1900 0.2945
1901 0.1803
1902 0.2251
1903 0.3259
1904 0.2615
1905 0.2321
1906 0.4965
1907 0.2261
1908 0.4099
1909 0.1486
1910 0.4398
1911 0.3717
1912 0.1380
1913 0.3015
1914 0.2668
1915 0.2655
1916 0.2697
1917 0.2955
1918 0.1168
1919 0.3212
1920 0.3668
1921 0.1844
1922 0.2253
1923 0.1096
1924 0.2885
1925 0.1316
1926 0.2317
1927 0.1509
1928 0.1678
1929 0.3980
1930 0.3492
1931 0.3680
1932 0.3001
1933 0.4416
1934 0.2774
1935 0.3731
1936 0.3064
1937 0.2952
1938 0.2984
1939 0.2599
1940 0.3664
1941 0.2144
1942 0.2021
1943 0.1552
1944 0.2595
1945 0.5405
1946 0.1127
1947 0.1436
1948 0.2863
1949 0.0900
1950 0.5866
1951 0.1619
1952 0.2427
1953 0.1840
1954 0.0998
1955 0.2379
1956 0.3233
1957 0.3189
1958 0.3253
1959 0.1601
1960 0.3099
1961 0.1114
1962 0.3299
1963 0.2176
1964 0.1742
1965 0.1736
1966 0.2567
1967 0.1811
1968 0.1404
1969 0.3198
1970 0.2274
1971 0.4799
1972 0.2661
1973 0.1513
1974 0.1771
1975 0.1762
1976 0.1279
1977 0.2729
1978 0.2646
1979 0.2801
1980 0.2336
1981 0.2254
1982 0.1692
1983 0.4039
1984 0.5255
1985 0.2257
1986 0.2514
1987 0.2754
1988 0.2141
1989 0.3045
1990 0.2541
1991 0.1964
1992 0.1824
1993 0.1551
1994 0.1695
1995 0.1330
1996 0.1771
1997 0.1399
1998 0.2641
1999 0.2231
2000 0.1957
2001 0.2313
2002 0.3908
2003 0.3828
2004 0.4213
2005 0.2793
2006 0.1819
2007 0.4599
2008 0.4021
2009 0.2857
2010 0.2845
2011 0.1931
2012 0.1482
2013 0.4118
2014 0.3841
2015 0.1612
2016 0.2571
2017 0.2144
2018 0.5192
2019 0.2993
2020 0.2349
2021 0.2415
2022 0.1272
2023 0.2577
2024 0.1464
2025 0.3127
2026 0.2063
2027 0.3398
2028 0.1566
2029 0.2452
2030 0.5610
2031 0.1774
2032 0.1648
2033 0.1934
2034 0.2329
2035 0.2374
2036 0.2634
2037 0.2112
2038 0.1581
2039 0.3511
2040 0.3054
2041 0.1977
2042 0.3857
2043 0.1913
2044 0.3719
2045 0.1762
2046 0.3221
2047 0.1574
2048 0.1457
2049 0.1762
2050 0.2219
2051 0.1410
2052 0.1763
2053 0.1649
2054 0.2888
2055 0.2387
2056 0.1584
2057 0.1491
2058 0.1698
2059 0.2361
2060 0.1605
2061 0.3576
2062 0.2641
2063 0.3626
2064 0.2618
2065 0.2498
2066 0.1496
2067 0.1218
2068 0.2204
2069 0.2262
2070 0.1957
2071 0.1331
2072 0.1994
2073 0.1571
2074 0.3305
2075 0.2039
2076 0.6609
2077 0.1332
2078 0.2847
2079 0.1723
2080 0.5375
2081 0.4048
2082 0.2450
2083 0.1243
2084 0.2014
2085 0.3266
2086 0.2892
2087 0.3866
2088 0.3009
2089 0.3172
2090 0.9919
2091 0.2251
2092 0.1449
2093 0.2830
2094 0.1608
2095 0.1189
2096 0.3784
2097 0.4363
2098 0.2625
2099 0.3367
2100 0.1645
2101 0.1619
2102 0.1947
2103 0.2176
2104 0.5332
2105 0.1887
2106 0.5019
2107 0.1859
2108 0.2589
2109 0.3466
2110 0.2505
2111 0.1021
2112 0.2366
2113 0.3514
2114 0.1806
2115 0.2527
2116 0.2541
2117 0.2280
2118 0.2051
2119 0.1161
2120 0.2690
2121 0.1390
2122 0.2681
2123 0.5296
2124 0.2500
2125 0.3779
2126 0.2412
2127 0.2038
2128 0.3167
2129 0.1479
2130 0.3119
2131 0.1129
2132 0.3309
2133 0.1158
2134 0.1498
2135 0.2393
2136 0.2872
2137 0.1913
2138 0.2143
2139 0.1903
2140 0.2110
2141 0.1153
2142 0.2039
2143 0.2383
2144 0.2294
2145 0.4665
2146 0.2118
2147 0.1852
2148 0.1606
2149 0.1394
2150 0.3494
2151 0.2290
2152 0.3735
2153 0.2451
2154 0.1187
2155 0.4179
2156 0.1709
2157 0.2394
2158 0.3822
2159 0.2401
2160 0.1524
2161 0.2938
2162 0.2601
2163 0.3067
2164 0.1453
2165 0.1868
2166 0.1595
2167 0.1630
2168 0.1910
2169 0.1788
2170 0.2708
2171 0.1800
2172 0.1656
2173 0.5013
2174 0.1550
2175 0.2221
2176 0.2148
2177 0.2633
2178 0.1672
2179 0.2462
2180 0.3378
2181 0.3419
2182 0.3039
2183 0.2517
2184 0.2119
2185 0.1565
2186 0.2620
2187 0.1821
2188 0.2906
2189 0.2168
2190 0.1419
2191 0.2784
2192 1.0473
2193 0.1501
2194 0.1875
2195 0.3164
2196 0.1755
2197 0.1582
2198 0.2582
2199 0.2864
2200 0.7940
2201 0.3485
2202 0.2543
2203 0.3449
2204 0.2149
2205 0.2562
2206 0.1802
2207 0.1808
2208 0.3056
2209 0.1513
2210 0.2308
2211 0.2085
2212 0.3101
2213 0.3767
2214 0.2589
2215 0.1911
2216 0.1948
2217 0.2427
2218 0.2939
2219 0.4104
2220 0.2299
2221 0.1765
2222 0.2967
2223 0.3815
2224 0.2978
2225 0.5055
2226 0.2476
2227 0.3042
2228 0.2660
2229 0.1737
2230 0.2820
2231 0.3425
2232 0.1065
2233 0.1846
2234 0.2415
2235 0.1509
2236 0.1470
2237 0.1560
2238 0.3283
2239 0.1962
2240 0.1230
2241 0.2736
2242 0.0969
2243 0.2342
2244 0.3339
2245 0.1945
2246 0.1729
2247 0.3202
2248 0.2583
2249 0.2797
2250 0.2159
2251 0.1869
2252 0.2652
2253 0.2514
2254 0.2633
2255 0.2503
2256 0.2078
2257 0.1983
2258 0.2451
2259 0.5683
2260 0.3063
2261 0.3034
2262 0.2319
2263 0.3170
2264 0.3037
2265 0.0677
2266 0.2318
2267 0.2476
2268 0.0663
2269 0.1731
2270 0.2849
2271 0.3635
2272 0.1520
2273 0.3034
2274 0.4633
2275 0.3548
2276 0.3096
2277 0.2031
2278 0.2445
2279 0.1119
2280 0.2970
2281 0.2247
2282 0.2223
2283 0.6060
2284 0.3744
2285 0.2481
2286 0.2796
2287 0.1266
2288 0.2671
2289 1.1223
2290 0.1945
2291 0.0923
2292 0.1996
2293 0.1754
2294 0.1929
2295 0.1368
2296 0.3383
2297 0.2326
2298 0.6840
2299 0.2242
2300 0.2640
2301 0.2202
2302 0.3252
2303 0.1930
2304 0.1864
2305 0.2091
2306 0.2239
2307 0.2579
2308 0.3692
2309 0.2096
2310 0.1469
2311 0.1093
2312 0.3205
2313 0.2488
2314 0.2163
2315 0.0861
2316 0.3015
2317 0.2051
2318 0.2855
2319 0.2621
2320 0.3198
2321 0.2946
2322 0.2544
2323 1.0736
2324 0.2130
2325 0.2706
2326 0.1910
2327 0.2551
2328 0.4233
2329 0.2697
2330 0.5031
2331 0.2625
2332 0.2224
2333 0.1578
2334 0.2096
2335 0.1568
2336 0.2586
2337 0.2262
2338 0.2677
2339 0.1723
2340 0.2337
2341 0.4226
2342 0.5789
2343 0.2709
2344 0.1892
2345 0.2756
2346 0.3052
2347 0.4339
2348 0.1747
2349 0.0626
2350 0.5787
2351 0.4008
2352 0.1970
2353 0.2281
2354 0.1730
2355 0.1736
2356 0.1638
2357 0.2203
2358 0.1677
2359 0.1360
2360 0.0768
2361 0.1351
2362 0.2864
2363 0.4397
2364 0.4566
2365 0.3000
2366 0.3399
2367 0.2023
2368 0.1964
2369 0.4007
2370 0.0646
2371 0.2224
2372 0.3381
2373 0.2519
2374 0.2114
2375 0.3879
2376 0.1834
2377 0.1659
2378 0.3336
2379 0.3185
2380 0.1830
2381 0.1770
2382 0.1910
2383 0.2412
2384 0.3678
2385 0.2843
2386 0.2065
2387 0.1962
2388 0.1402
2389 0.2039
2390 0.2091
2391 0.1549
2392 0.1281
2393 0.2347
2394 0.2129
2395 0.2171
2396 0.4406
2397 0.2571
2398 0.1093
2399 0.2965
2400 0.1463
2401 0.2615
2402 0.1801
2403 1.0854
2404 0.4437
2405 0.5856
2406 0.1754
2407 0.2095
2408 0.1688
2409 0.1793
2410 0.3089
2411 0.3125
2412 0.1582
2413 0.1457
2414 0.2086
2415 0.1103
2416 0.2636
2417 0.1784
2418 0.2321
2419 0.2539
2420 0.1742
2421 0.3364
2422 0.1563
2423 0.5903
2424 0.1593
2425 0.2182
2426 0.3006
2427 0.3207
2428 0.1714
2429 0.2455
2430 0.1746
2431 0.1583
2432 0.1918
2433 0.3265
2434 0.5064
2435 0.2282
2436 0.2292
2437 0.1547
2438 0.4839
2439 0.3083
2440 0.1465
2441 0.2011
2442 0.0879
2443 0.3853
2444 0.1492
2445 0.0764
2446 0.2672
2447 0.2160
2448 0.2143
2449 0.2233
2450 0.1511
2451 0.2331
2452 0.2863
2453 0.2417
2454 0.2361
2455 0.2085
2456 0.2160
2457 0.2388
2458 0.1637
2459 0.2154
2460 0.3093
2461 0.2204
2462 0.1886
2463 0.2209
2464 0.4054
2465 0.1443
2466 0.1160
2467 0.2818
2468 0.1941
2469 0.2220
2470 0.2993
2471 0.0836
2472 0.1706
2473 0.1626
2474 0.4853
2475 0.1632
2476 0.2341
2477 0.2401
2478 0.2420
2479 0.4261
2480 0.3323
2481 0.1945
2482 0.3084
2483 0.1968
2484 0.2644
2485 0.2033
2486 0.0963
2487 0.4200
2488 0.2027
2489 0.1667
2490 0.2148
2491 0.3545
2492 0.1578
2493 0.1533
2494 0.2333
2495 0.3835
2496 0.3068
2497 0.1864
2498 0.3253
2499 0.9807
2500 0.1952
2501 0.1053
2502 0.1992
2503 0.2668
2504 0.4234
2505 0.3176
2506 0.4165
2507 0.1557
2508 0.1301
2509 0.2144
2510 0.4464
2511 0.1821
2512 0.3637
2513 0.2809
2514 0.1926
2515 0.2905
2516 0.2696
2517 0.1514
2518 0.1978
2519 0.6378
2520 0.0907
2521 0.2391
2522 0.2771
2523 0.2358
2524 0.2126
2525 0.1061
2526 0.1772
2527 0.1783
2528 0.2568
2529 0.1191
2530 0.2147
2531 0.3783
2532 0.2351
2533 0.1676
2534 0.2148
2535 0.1149
2536 0.1976
2537 0.2071
2538 0.2155
2539 0.6386
2540 0.1231
2541 0.1567
2542 0.4117
2543 0.3056
2544 0.1363
2545 0.2892
2546 0.0904
2547 0.2777
2548 0.4144
2549 0.1497
2550 0.2720
2551 0.2665
2552 0.3311
2553 0.2400
2554 0.1343
2555 0.1326
2556 0.2180
2557 0.3259
2558 0.1573
2559 0.3700
2560 0.3119
2561 0.2722
2562 0.2234
2563 0.5351
2564 0.2940
2565 0.2883
2566 0.1027
2567 0.1326
2568 0.2218
2569 0.4841
2570 0.1411
2571 0.1617
2572 0.2646
2573 0.1320
2574 0.2257
2575 0.1807
2576 0.1043
2577 0.1614
2578 0.2177
2579 0.4110
2580 0.2060
2581 1.0448
2582 0.2887
2583 0.4048
2584 0.2287
2585 0.2411
2586 0.2591
2587 0.2742
2588 0.1719
2589 0.2419
2590 0.1339
2591 0.2429
2592 0.2608
2593 0.1603
2594 0.1851
2595 0.1610
2596 0.2639
2597 0.2383
2598 0.1791
2599 0.1699
2600 0.3112
2601 0.3317
2602 0.1850
2603 0.3780
2604 0.1336
2605 0.4197
2606 0.2949
2607 0.2337
2608 0.2128
2609 0.0718
2610 0.2188
2611 0.1720
2612 0.2290
2613 0.2192
2614 0.1761
2615 0.0871
2616 0.1114
2617 0.2929
2618 0.4632
2619 0.3205
2620 0.1852
2621 0.3162
2622 0.3221
2623 0.1635
2624 0.1618
2625 0.2134
2626 0.1509
2627 0.3015
2628 0.1492
2629 0.1402
2630 0.1507
2631 0.2413
2632 0.2628
2633 0.2611
2634 0.4005
2635 0.2800
2636 0.4618
2637 0.1390
2638 0.1504
2639 0.1048
2640 0.2718
2641 0.2025
2642 0.1419
2643 0.3395
2644 0.1426
2645 0.4256
2646 0.1501
2647 0.3748
2648 0.1322
2649 0.1971
2650 0.3370
2651 0.2383
2652 0.1494
2653 0.2555
2654 0.1158
2655 0.1199
2656 0.8657
2657 0.1516
2658 0.1760
2659 0.2531
2660 0.3699
2661 0.3022
2662 0.1836
2663 0.1926
2664 0.1102
2665 0.1346
2666 0.2123
2667 0.1377
2668 0.2319
2669 0.3848
2670 0.4710
2671 0.3210
2672 0.1427
2673 0.2217
2674 0.1818
2675 0.3212
2676 0.2046
2677 0.1855
2678 0.2560
2679 0.1179
2680 0.1781
2681 0.1905
2682 0.2301
2683 0.2590
2684 0.2628
2685 0.1373
2686 0.2059
2687 0.2995
2688 0.2843
2689 0.3074
2690 0.1807
2691 0.1928
2692 0.1636
2693 0.2246
2694 0.1297
2695 0.2385
2696 0.2136
2697 0.2253
2698 0.2672
2699 0.2076
2700 0.1591
2701 0.1953
2702 0.1813
2703 0.2711
2704 0.2874
2705 0.2216
2706 0.2414
2707 0.2664
2708 0.2361
2709 0.3738
2710 0.3175
2711 0.2406
2712 0.1314
2713 0.1631
2714 0.1891
2715 0.1711
2716 0.1825
2717 0.2557
2718 0.3369
2719 0.2923
2720 0.6135
2721 0.2874
2722 0.9325
2723 0.1001
2724 0.1207
2725 0.2187
2726 0.1117
2727 0.2887
2728 0.2276
2729 0.1204
2730 0.2668
2731 0.1898
2732 0.3924
2733 0.2549
2734 0.2451
2735 0.2045
2736 0.1953
2737 0.1454
2738 0.1981
2739 0.2366
2740 0.1111
2741 0.3078
2742 0.2944
2743 0.2571
2744 0.1850
2745 0.3141
2746 0.3853
2747 0.1603
2748 0.3133
2749 0.1302
2750 0.1290
2751 0.2494
2752 0.3922
2753 0.1821
2754 0.1633
2755 0.2407
2756 0.1743
2757 0.1479
2758 0.1923
2759 0.4540
2760 0.2518
2761 0.3152
2762 0.1575
2763 0.2041
2764 0.1513
2765 0.5595
2766 0.2185
2767 0.2088
2768 0.2757
2769 0.1810
2770 0.2014
2771 0.3997
2772 0.7094
2773 0.0838
2774 0.3453
2775 0.3136
2776 0.2359
2777 0.3514
2778 0.2953
2779 0.2254
2780 0.2443
2781 0.1285
2782 0.2042
2783 0.2811
2784 0.0989
2785 0.1180
2786 0.1173
2787 0.1804
2788 0.1097
2789 0.1979
2790 0.1883
2791 0.1305
2792 0.1556
2793 0.1154
2794 0.1824
2795 0.1337
2796 0.2533
2797 0.2168
2798 0.2688
2799 0.1793
2800 0.1481
2801 0.1969
2802 0.2870
2803 0.3709
2804 0.2590
2805 0.2347
2806 0.3004
2807 0.1990
2808 0.1626
2809 0.2257
2810 0.2991
2811 0.0832
2812 0.2367
2813 0.1360
2814 0.1938
2815 0.1710
2816 0.2591
2817 0.1723
2818 0.2757
2819 0.2211
2820 0.1473
2821 0.4031
2822 0.2517
2823 0.1859
2824 0.1828
2825 0.3611
2826 0.2789
2827 0.0916
2828 0.2586
2829 0.1857
2830 0.2788
2831 0.2678
2832 0.1965
2833 0.1933
2834 0.4964
2835 0.1977
2836 0.1206
2837 0.2211
2838 0.2486
2839 0.2426
2840 0.1865
2841 0.1728
2842 0.2008
2843 0.1812
2844 0.1503
2845 0.2874
2846 0.2369
2847 0.3039
2848 0.2345
2849 0.1749
2850 0.0891
2851 0.2524
2852 0.2400
2853 0.1469
2854 0.2327
2855 0.1957
2856 0.2564
2857 0.1985
2858 0.1476
2859 0.1583
2860 0.2118
2861 0.2213
2862 0.3776
2863 0.1129
2864 0.1974
2865 0.1937
2866 0.1480
2867 0.8131
2868 0.1534
2869 0.2255
2870 0.1113
2871 0.2087
2872 0.1876
2873 0.2638
2874 0.2845
2875 0.1813
2876 0.3302
2877 0.2051
2878 0.1471
2879 0.1239
2880 0.3462
2881 0.2180
2882 0.2087
2883 0.1460
2884 0.2585
2885 0.1789
2886 0.1625
2887 0.4004
2888 0.1989
2889 0.2644
2890 0.2143
2891 0.1808
2892 0.1782
2893 0.2322
2894 0.2039
2895 0.2262
2896 0.1617
2897 0.2082
2898 0.3098
2899 0.1452
2900 0.1380
2901 0.1841
2902 0.3709
2903 0.2164
2904 0.4792
2905 0.1951
2906 0.4085
2907 0.2568
2908 0.1297
2909 0.2671
2910 0.0754
2911 0.1006
2912 0.1338
2913 0.2087
2914 0.3541
2915 0.1640
2916 0.4169
2917 0.2827
2918 0.1754
2919 0.3388
2920 0.1599
2921 0.1663
2922 0.2529
2923 0.2738
2924 0.2077
2925 0.2124
2926 0.1802
2927 0.2078
2928 0.1775
2929 0.2586
2930 0.2878
2931 0.2744
2932 0.1201
2933 0.2510
2934 0.2732
2935 0.2873
2936 0.1396
2937 0.1444
2938 0.1574
2939 0.2003
2940 0.1235
2941 0.3805
2942 0.2902
2943 0.2936
2944 0.1501
2945 0.1502
2946 0.1290
2947 0.5033
2948 0.2324
2949 0.2496
2950 0.1177
2951 0.6053
2952 0.3397
2953 0.1291
2954 0.1650
2955 0.2333
2956 0.2655
2957 0.1031
2958 0.2123
2959 0.3228
2960 0.2320
2961 0.1710
2962 0.2204
2963 0.3339
2964 0.2366
2965 0.1554
2966 0.3908
2967 0.3542
2968 0.2184
2969 0.3034
2970 0.2610
2971 0.1414
2972 0.2029
2973 0.4451
2974 0.1622
2975 0.3516
2976 0.2616
2977 0.1787
2978 0.1327
2979 0.4864
2980 0.2496
2981 0.1521
2982 0.1939
2983 0.1570
2984 0.1659
2985 0.2548
2986 0.2285
2987 0.1999
2988 0.1786
2989 0.2289
2990 0.1573
2991 0.2184
2992 0.3963
2993 0.2267
2994 0.1993
2995 0.2600
2996 0.1179
2997 0.2084
2998 0.2664
2999 0.2322
3000 0.5546
3001 0.1524
3002 0.2802
3003 0.2744
3004 0.8255
3005 0.1592
3006 0.3350
3007 0.2457
3008 0.2708
3009 0.3351
3010 0.2453
3011 0.1863
3012 0.4179
3013 0.3026
3014 0.2355
3015 0.2066
3016 0.2114
3017 0.3641
3018 0.0833
3019 0.2306
3020 0.2906
3021 0.1969
3022 0.2136
3023 0.5955
3024 0.1525
3025 0.2270
3026 0.1428
3027 0.6303
3028 0.2543
3029 0.2238
3030 0.4730
3031 0.0869
3032 0.1602
3033 0.2838
3034 0.1590
3035 0.0674
3036 0.1470
3037 0.1347
3038 0.2037
3039 0.1523
3040 0.2344
3041 0.1350
3042 0.1442
3043 0.3656
3044 0.2122
3045 0.1348
3046 0.2339
3047 0.1302
3048 0.1798
3049 0.1382
3050 0.1549
3051 0.1776
3052 0.1172
3053 0.1290
3054 0.3087
3055 0.1654
3056 0.1153
3057 0.1179
3058 0.4474
3059 0.2925
3060 0.1806
3061 0.1402
3062 0.3348
3063 0.3828
3064 0.1356
3065 0.1900
3066 0.1670
3067 0.3828
3068 0.2058
3069 0.2226
3070 0.0673
3071 0.4597
3072 0.2112
3073 0.2348
3074 0.2032
3075 0.5135
3076 0.5731
3077 0.3049
3078 0.1239
3079 0.2689
3080 0.1999
3081 0.3000
3082 0.1809
3083 0.3532
3084 0.3172
3085 0.2423
3086 0.1563
3087 0.1854
3088 0.3125
3089 0.2376
3090 0.2168
3091 0.3892
3092 0.2619
3093 0.8511
3094 0.2017
3095 0.1776
3096 0.2761
3097 0.2278
3098 0.1791
3099 0.1682
3100 0.4850
3101 0.4336
3102 0.1944
3103 0.4238
3104 0.1879
3105 0.1470
3106 0.1899
3107 0.1445
3108 0.2791
3109 0.2259
3110 0.1560
3111 0.1399
3112 0.3957
3113 0.1353
3114 0.2344
3115 0.1980
3116 0.4319
3117 0.4671
3118 0.1887
3119 0.1720
3120 0.1654
3121 0.1488
3122 0.2524
3123 0.2071
3124 0.1040
3125 0.1577
3126 0.4636
3127 0.3548
3128 0.2057
3129 0.1404
3130 0.3101
3131 0.1520
3132 0.3825
3133 0.3466
3134 0.7487
3135 0.2387
3136 0.2346
3137 0.1285
3138 0.1231
3139 0.2052
3140 0.4019
3141 0.2185
3142 0.2220
3143 0.2231
3144 0.1557
3145 0.1613
3146 0.2948
3147 0.1354
3148 0.1505
3149 0.2731
3150 0.2014
3151 0.5503
3152 0.2334
3153 0.1812
3154 0.2112
3155 0.2192
3156 0.2176
3157 0.1808
3158 0.1589
3159 0.2125
3160 0.1431
3161 0.2508
3162 0.1851
3163 0.1201
3164 0.1907
3165 0.1970
3166 0.1223
3167 0.1747
3168 0.1019
3169 0.3401
3170 0.1135
3171 0.2226
3172 0.2082
3173 0.1307
3174 0.2012
3175 0.2164
3176 0.3073
3177 0.1128
3178 0.1804
3179 0.3873
3180 0.1945
3181 0.3542
3182 0.4163
3183 0.2384
3184 0.1715
3185 0.1704
3186 0.2368
3187 0.2005
3188 0.2289
3189 0.2008
3190 0.2389
3191 0.1909
3192 0.2860
3193 0.2996
3194 0.0823
3195 0.2492
3196 0.1828
3197 0.1404
3198 0.1585
3199 0.3746
3200 0.1795
3201 0.2294
3202 0.2301
3203 0.1337
3204 0.1913
3205 0.2385
3206 0.1883
3207 0.2489
3208 0.1806
3209 0.2578
3210 0.2632
3211 0.1690
3212 0.2370
3213 0.2811
3214 0.1547
3215 0.0737
3216 0.1958
3217 0.0919
3218 0.3827
3219 0.3081
3220 0.1646
3221 0.2573
3222 0.4652
3223 0.2535
3224 0.1880
3225 0.1456
3226 0.1662
3227 0.1888
3228 0.2665
3229 0.2702
3230 0.1400
3231 0.2707
3232 0.1368
3233 0.1771
3234 0.4511
3235 0.2389
3236 0.3922
3237 0.3223
3238 0.1855
3239 0.1910
3240 0.0789
3241 0.1644
3242 0.1989
3243 0.1728
3244 0.2534
3245 0.1163
3246 0.1126
3247 0.2136
3248 0.3919
3249 0.3443
3250 0.4100
3251 0.0768
3252 0.1046
3253 0.2540
3254 0.1248
3255 0.2561
3256 0.1778
3257 0.2584
3258 0.3388
3259 0.1516
3260 0.1569
3261 0.1517
3262 0.1334
3263 0.1702
3264 0.2496
3265 0.1784
3266 0.1629
3267 0.1513
3268 0.3849
3269 0.7917
3270 0.2399
3271 0.3078
3272 0.1771
3273 0.2640
3274 0.1519
3275 0.2458
3276 0.2663
3277 0.3659
3278 0.2181
3279 0.2134
3280 0.1603
3281 0.2775
3282 0.4740
3283 0.3605
3284 0.1674
3285 0.0744
3286 0.2923
3287 0.1720
3288 0.1695
3289 0.1812
3290 0.2638
3291 0.2230
3292 0.1773
3293 0.2427
3294 0.7287
3295 0.1835
3296 0.1581
3297 0.2138
3298 0.1972
3299 0.3499
3300 0.1739
3301 0.5146
3302 0.1861
3303 0.1426
3304 0.1781
3305 0.1154
3306 0.2715
3307 0.4057
3308 0.1538
3309 0.1455
3310 0.2936
3311 0.2679
3312 0.2244
3313 0.0852
3314 0.2057
3315 0.1960
3316 0.3150
3317 0.1964
3318 0.1650
3319 0.1255
3320 0.1674
3321 0.1992
3322 0.2442
3323 0.2057
3324 0.2289
3325 0.2146
3326 0.1854
3327 0.1022
3328 0.1713
3329 0.2820
3330 0.2212
3331 0.1322
3332 0.3469
3333 0.2619
3334 0.2574
3335 0.1953
3336 0.2892
3337 0.1356
3338 0.1447
3339 0.3790
3340 0.2727
3341 0.2044
3342 0.3506
3343 0.1357
3344 0.1661
3345 0.2964
3346 0.2351
3347 0.2288
3348 0.1874
3349 0.2762
3350 0.1520
3351 0.2926
3352 0.1255
3353 0.1100
3354 0.4273
3355 0.1832
3356 0.4088
3357 0.2128
3358 0.1919
3359 0.1325
3360 0.1961
3361 0.1498
3362 0.2394
3363 0.2841
3364 0.4729
3365 0.0941
3366 0.1277
3367 0.2907
3368 0.3763
3369 0.2012
3370 0.1731
3371 0.2755
3372 0.2262
3373 0.1584
3374 0.3783
3375 0.1409
3376 0.2993
3377 0.1602
3378 0.4003
3379 0.2220
3380 0.2656
3381 0.2284
3382 0.1913
3383 0.3235
3384 0.2229
3385 0.1216
3386 0.2590
3387 0.1532
3388 0.1324
3389 0.1218
3390 0.3721
3391 0.7736
3392 0.1993
3393 0.1525
3394 0.3594
3395 0.1417
3396 0.3001
3397 0.2537
3398 0.2275
3399 0.3714
3400 0.2029
3401 0.4235
3402 0.1349
3403 0.2080
3404 0.2144
3405 0.2067
3406 0.2340
3407 0.1858
3408 0.1240
3409 0.4161
3410 0.2059
3411 0.2139
3412 0.3256
3413 0.4285
3414 0.1198
3415 0.4826
3416 0.3467
3417 0.3533
3418 0.2377
3419 0.2891
3420 0.7150
3421 0.1759
3422 0.2240
3423 0.1214
3424 0.4298
3425 0.2224
3426 0.1729
3427 0.1943
3428 0.2311
3429 0.3498
3430 0.2291
3431 0.1389
3432 0.1070
3433 0.2264
3434 0.1684
3435 0.1887
3436 0.1571
3437 0.4548
3438 0.1618
3439 0.1226
3440 0.2518
3441 0.1043
3442 0.3790
3443 0.2203
3444 0.2422
3445 0.2066
3446 0.1542
3447 0.1415
3448 0.1113
3449 0.1137
3450 0.5984
3451 0.1786
3452 0.1349
3453 0.2413
3454 0.5052
3455 0.1969
3456 0.3160
3457 0.1928
3458 0.2055
3459 0.1650
3460 0.1097
3461 0.2248
3462 0.2428
3463 0.0741
3464 0.3635
3465 0.2287
3466 0.2977
3467 0.2888
3468 0.2961
3469 0.3994
3470 0.1902
3471 0.1791
3472 0.2022
3473 0.2148
3474 0.2301
3475 0.1973
3476 0.3059
3477 0.2223
3478 0.8802
3479 0.3061
3480 0.1106
3481 0.1439
3482 0.2522
3483 0.2126
3484 0.2209
3485 0.0795
3486 0.2786
3487 0.0932
3488 0.2913
3489 0.2161
3490 0.2356
3491 0.1188
3492 0.1818
3493 0.2578
3494 0.2412
3495 0.2882
3496 0.3271
3497 0.2384
3498 0.3474
3499 0.0963
3500 0.1848
3501 0.5485
3502 0.1679
3503 0.2654
3504 0.3369
3505 0.2969
3506 0.1175
3507 0.2144
3508 0.2634
3509 0.1721
3510 0.4208
3511 0.1534
3512 0.1723
3513 0.1076
3514 0.0722
3515 0.2002
3516 0.1450
3517 0.2190
3518 0.2496
3519 0.2431
3520 0.1077
3521 0.2837
3522 0.2930
3523 0.2636
3524 0.2049
3525 0.1501
3526 0.2242
3527 0.3477
3528 0.1752
3529 0.1741
3530 0.3892
3531 0.1745
3532 0.1560
3533 0.1374
3534 0.2802
3535 0.1814
3536 0.3016
3537 0.0784
3538 0.2695
3539 0.4851
3540 0.2324
3541 0.2976
3542 0.4844
3543 0.2093
3544 0.7990
3545 0.2348
3546 0.2625
3547 0.2853
3548 0.1073
3549 0.1842
3550 0.2561
3551 0.1155
3552 0.1189
3553 0.2093
3554 0.4113
3555 0.0846
3556 0.4141
3557 0.2620
3558 0.0708
3559 0.1200
3560 0.6792
3561 0.1714
3562 0.1141
3563 0.1320
3564 0.1991
3565 0.1683
3566 0.1818
3567 0.2299
3568 0.1609
3569 0.1722
3570 0.2499
3571 0.0955
3572 0.5388
3573 0.2910
3574 0.1347
3575 0.1707
3576 0.3875
3577 0.2314
3578 0.2981
3579 0.1985
3580 0.2278
3581 0.1941
3582 0.3119
3583 0.1700
3584 0.1312
3585 0.2260
3586 0.1808
3587 0.0989
3588 0.9795
3589 0.2228
3590 0.1828
3591 0.1234
3592 0.1784
3593 0.2647
3594 0.2467
3595 0.2298
3596 0.0987
3597 0.1943
3598 0.3095
3599 0.2042
3600 0.2867
3601 0.2363
3602 0.2193
3603 0.2320
3604 0.2527
3605 0.3775
3606 0.2014
3607 0.0962
3608 0.8820
3609 0.2312
3610 0.2198
3611 0.4338
3612 0.4723
3613 0.1493
3614 0.2267
3615 0.1909
3616 0.3991
3617 0.2519
3618 0.1651
3619 0.0832
3620 0.1892
3621 0.1796
3622 0.5488
3623 0.2458
3624 0.1088
3625 0.1572
3626 0.2469
3627 0.3229
3628 0.2458
3629 0.3497
3630 0.1664
3631 0.4607
3632 0.1107
3633 0.1628
3634 0.2810
3635 0.1393
3636 0.1856
3637 0.2387
3638 0.1779
3639 0.4000
3640 0.2003
3641 0.3115
3642 0.1805
3643 0.2876
3644 0.1608
3645 0.1997
3646 0.1272
3647 0.5901
3648 0.1874
3649 0.2288
3650 0.1919
3651 0.1276
3652 0.1180
3653 0.1861
3654 0.1651
3655 0.2994
3656 0.4309
3657 0.3015
3658 0.7799
3659 0.1487
3660 0.1619
3661 0.3360
3662 0.3759
3663 0.4217
3664 0.2251
3665 0.2702
3666 0.2971
3667 0.1984
3668 0.3754
3669 0.0925
3670 0.2063
3671 0.1529
3672 0.3029
3673 0.1509
3674 0.3647
3675 0.2748
3676 0.4682
3677 0.1381
3678 0.4433
3679 0.2492
3680 0.2484
3681 0.2538
3682 0.1537
3683 0.2136
3684 0.0982
3685 0.8727
3686 0.1088
3687 0.1522
3688 0.2383
3689 0.2859
3690 0.2066
3691 0.2090
3692 0.2593
3693 0.1962
3694 0.3277
3695 0.1063
3696 0.3274
3697 0.1447
3698 0.2253
3699 0.8269
3700 0.1203
3701 0.2375
3702 0.3570
3703 0.4009
3704 0.3450
3705 0.2147
3706 0.4195
3707 0.1133
3708 0.2119
3709 0.2415
3710 0.3637
3711 0.1807
3712 0.3185
3713 0.1019
3714 0.2563
3715 0.1527
3716 0.1898
3717 0.1992
3718 0.3749
3719 0.2608
3720 0.1524
3721 0.0985
3722 0.3119
3723 0.4727
3724 0.2824
3725 0.1470
3726 0.2250
3727 0.3861
3728 0.2010
3729 0.2468
3730 0.1835
3731 0.7201
3732 0.1359
3733 0.3585
3734 0.1811
3735 0.4096
3736 0.1526
3737 0.2054
3738 0.2212
3739 0.2069
3740 0.2661
3741 0.2781
3742 0.2261
3743 0.1601
3744 0.1802
3745 0.2590
3746 0.2501
3747 0.1893
3748 0.1360
3749 0.1614
3750 0.0704
3751 0.3267
3752 0.1380
3753 0.2767
3754 0.1573
3755 0.2486
3756 0.9372
3757 0.2865
3758 0.2026
3759 0.2499
3760 0.1796
3761 0.1487
3762 0.3315
3763 0.2971
3764 0.1899
3765 0.1141
3766 0.3611
3767 0.1622
3768 0.2238
3769 0.9461
3770 0.2457
3771 0.1405
3772 0.3246
3773 0.1804
3774 0.2004
3775 0.2876
3776 0.1592
3777 0.1573
3778 0.1637
3779 0.1908
3780 0.2945
3781 0.2657
3782 0.2737
3783 0.1322
3784 0.2207
3785 0.2962
3786 0.2177
3787 0.3821
3788 0.1787
3789 0.1299
3790 0.0857
3791 0.3350
3792 0.1476
3793 0.2270
3794 0.3063
3795 0.2440
3796 0.1201
3797 0.2023
3798 0.2948
3799 0.2643
3800 0.1739
3801 0.3372
3802 0.2622
3803 0.1528
3804 0.1252
3805 0.4260
3806 0.2702
3807 0.1548
3808 0.1295
3809 0.2629
3810 0.2558
3811 0.2549
3812 0.1900
3813 0.1320
3814 0.1357
3815 0.1000
3816 0.2464
3817 0.3510
3818 0.3756
3819 0.1873
3820 0.0892
3821 0.2559
3822 0.2858
3823 0.4652
3824 0.1760
3825 0.1637
3826 0.6509
3827 0.2341
3828 0.1763
3829 0.1863
3830 0.3391
3831 0.1172
3832 0.1040
3833 0.1889
3834 0.1962
3835 0.2184
3836 0.3888
3837 0.3513
3838 0.2277
3839 0.0972
3840 0.2633
3841 0.2916
3842 0.1324
3843 0.2456
3844 0.2247
3845 0.2456
3846 0.2475
3847 0.2097
3848 0.2651
3849 0.4506
3850 0.1996
3851 0.2566
3852 0.3064
3853 0.0747
3854 0.1021
3855 0.1847
3856 0.2342
3857 0.2004
3858 0.1595
3859 0.1641
3860 0.1873
3861 0.1744
3862 0.2186
3863 0.1139
3864 0.1422
3865 0.1847
3866 0.2119
3867 0.1818
3868 0.1156
3869 0.1934
3870 0.1357
3871 0.2410
3872 0.1628
3873 0.4440
3874 0.2771
3875 0.2473
3876 0.1908
3877 0.1278
3878 0.3175
3879 0.1201
3880 0.1290
3881 0.2341
3882 0.1847
3883 0.1598
3884 0.1720
3885 0.2400
3886 0.1548
3887 0.2100
3888 0.2968
3889 0.4701
3890 0.3085
3891 0.1512
3892 0.2312
3893 0.2511
3894 0.1737
3895 0.1147
3896 0.5992
3897 0.2819
3898 0.2034
3899 0.2846
3900 0.1024
3901 0.1709
3902 0.1395
3903 0.2099
3904 0.1539
3905 0.2564
3906 0.1772
3907 0.1331
3908 0.1388
3909 0.2232
3910 0.1462
3911 0.2098
3912 0.1114
3913 0.3347
3914 0.0788
3915 0.2211
3916 0.3398
3917 0.1848
3918 0.4074
3919 0.1984
3920 0.5582
3921 0.3193
3922 0.1572
3923 0.1938
3924 0.1064
3925 0.2133
3926 0.2220
3927 0.2901
3928 0.1899
3929 0.3380
3930 0.1425
3931 0.1216
3932 0.1744
3933 0.1775
3934 0.1530
3935 0.1879
3936 0.1795
3937 0.1711
3938 0.2667
3939 0.3394
3940 0.1093
3941 0.1995
3942 0.3111
3943 0.1934
3944 0.2104
3945 0.2585
3946 0.3846
3947 0.3253
3948 0.2581
3949 0.3721
3950 0.1162
3951 0.2514
3952 0.1799
3953 0.2534
3954 0.1701
3955 0.0671
3956 0.3318
3957 0.3191
3958 0.1180
3959 0.2977
3960 0.2168
3961 0.2006
3962 0.4097
3963 0.2786
3964 0.1130
3965 0.1372
3966 0.1444
3967 0.0785
3968 0.6212
3969 0.4758
3970 0.1854
3971 0.0972
3972 0.1490
3973 0.3459
3974 0.0651
3975 0.1937
3976 0.2438
3977 0.3012
3978 0.1908
3979 0.2860
3980 0.1467
3981 0.1997
3982 0.1935
3983 0.2736
3984 0.2508
3985 0.0939
3986 0.8208
3987 0.1847
3988 0.2482
3989 0.1833
3990 0.1785
3991 0.1550
3992 0.4122
3993 0.1805
3994 0.2215
3995 0.2298
3996 0.2643
3997 0.1184
3998 0.1267
3999 0.2654
4000 0.1963
4001 0.3979
4002 0.1156
4003 0.1050
4004 0.1548
4005 0.2673
4006 0.2277
4007 0.4868
4008 0.0829
4009 0.1724
4010 0.3498
4011 0.3601
4012 0.3141
4013 0.1757
4014 0.3087
4015 0.1654
4016 0.1506
4017 0.2190
4018 0.5101
4019 0.1263
4020 0.1309
4021 0.1987
4022 0.1536
4023 0.1454
4024 0.1535
4025 0.3097
4026 0.0873
4027 0.2893
4028 0.1235
4029 0.3556
4030 0.2956
4031 0.2024
4032 0.1515
4033 0.1719
4034 0.2505
4035 0.3127
4036 0.1134
4037 0.2164
4038 0.4376
4039 0.1680
4040 0.1340
4041 0.4462
4042 0.1237
4043 0.1397
4044 0.1865
4045 0.2753
4046 0.2033
4047 0.2347
4048 0.4188
4049 0.3971
4050 0.3624
4051 0.3508
4052 0.1291
4053 0.2762
4054 0.1797
4055 0.0591
4056 0.1158
4057 0.1032
4058 0.2527
4059 0.1298
4060 0.1848
4061 0.1192
4062 0.2060
4063 0.2248
4064 0.1206
4065 0.2216
4066 0.1365
4067 0.0982
4068 0.1760
4069 0.1847
4070 0.1465
4071 0.1649
4072 0.2928
4073 0.2250
4074 0.2043
4075 0.3355
4076 0.6735
4077 0.4365
4078 0.1248
4079 0.1726
4080 0.1891
4081 0.1291
4082 0.2739
4083 0.1766
4084 0.1900
4085 0.2539
4086 0.0882
4087 0.3210
4088 0.3200
4089 0.2487
4090 0.3198
4091 0.2371
4092 0.3020
4093 0.1703
4094 0.2094
4095 0.1061
4096 0.1837
4097 0.2877
4098 0.1679
4099 0.1589
4100 0.4258
4101 0.3972
4102 0.3041
4103 0.1310
4104 0.3335
4105 0.1613
4106 0.2302
4107 0.1551
4108 0.1451
4109 0.2973
4110 0.2140
4111 0.5979
4112 0.2449
4113 0.3778
4114 0.2620
4115 0.0961
4116 0.1315
4117 0.2811
4118 0.1397
4119 0.4287
4120 0.2020
4121 0.1381
4122 0.1502
4123 0.2772
4124 0.2283
4125 0.2359
4126 0.2573
4127 0.3677
4128 0.2245
4129 0.1719
4130 0.6822
4131 0.2125
4132 0.1684
4133 0.1952
4134 0.2061
4135 0.2240
4136 0.2771
4137 0.1027
4138 0.3086
4139 0.0808
4140 0.1498
4141 0.0822
4142 0.6615
4143 0.2407
4144 0.3350
4145 0.2600
4146 0.2665
4147 0.1949
4148 0.1930
4149 0.1865
4150 0.0762
4151 0.2584
4152 0.0874
4153 0.2142
4154 0.2319
4155 0.4268
4156 0.1666
4157 0.1191
4158 0.1684
4159 0.2808
4160 0.1512
4161 0.3354
4162 0.1556
4163 0.0691
4164 0.1098
4165 0.3550
4166 0.2151
4167 0.2198
4168 0.1689
4169 0.1980
4170 0.4478
4171 0.1667
4172 0.1449
4173 0.3385
4174 0.1403
4175 0.1905
4176 0.2076
4177 0.3638
4178 0.2119
4179 0.2094
4180 0.2137
4181 0.1977
4182 0.4153
4183 0.2191
4184 0.1332
4185 0.4713
4186 0.2719
4187 0.1614
4188 0.1504
4189 0.1628
4190 0.1188
4191 0.3092
4192 0.2354
4193 0.1831
4194 0.2147
4195 0.2205
4196 0.2017
4197 0.2460
4198 0.1717
4199 0.4365
4200 0.2270
4201 0.0963
4202 0.3247
4203 0.1881
4204 0.1515
4205 0.2577
4206 0.1378
4207 0.1345
4208 0.2037
4209 0.2379
4210 0.0702
4211 0.1392
4212 0.1806
4213 0.3700
4214 0.3147
4215 0.3523
4216 0.1816
4217 0.2328
4218 0.1979
4219 0.1232
4220 0.2846
4221 0.0845
4222 0.2844
4223 0.1733
4224 0.2041
4225 0.1674
4226 0.2483
4227 0.2297
4228 0.0707
4229 0.1218
4230 0.1654
4231 0.1975
4232 0.1058
4233 0.5316
4234 0.1043
4235 0.2566
4236 0.2322
4237 0.5028
4238 0.1463
4239 0.3433
4240 0.4359
4241 0.2086
4242 0.2138
4243 0.1687
4244 0.2408
4245 0.1979
4246 0.2575
4247 0.2855
4248 0.2712
4249 0.2178
4250 0.1494
4251 0.0959
4252 0.1879
4253 0.2473
4254 0.2001
4255 0.2784
4256 0.1516
4257 0.0854
4258 0.0561
4259 0.3523
4260 0.4695
4261 0.1570
4262 0.8151
4263 0.3001
4264 0.1580
4265 0.2192
4266 0.0369
4267 0.2787
4268 0.2809
4269 0.1329
4270 0.1724
4271 0.2012
4272 0.2605
4273 0.3636
4274 0.5819
4275 0.2099
4276 0.1865
4277 0.1408
4278 0.2740
4279 0.1281
4280 0.1683
4281 0.2616
4282 0.2735
4283 0.1519
4284 0.2797
4285 0.2478
4286 0.2776
4287 0.3109
4288 0.3818
4289 0.2135
4290 0.1727
4291 0.2228
4292 0.1026
4293 0.3508
4294 0.1205
4295 0.1196
4296 0.2516
4297 0.2231
4298 0.2101
4299 0.2167
4300 0.3150
4301 0.3091
4302 0.1206
4303 0.4251
4304 0.1069
4305 0.4325
4306 0.2486
4307 0.2321
4308 0.3791
4309 0.2167
4310 0.1852
4311 0.1947
4312 0.2846
4313 0.1806
4314 0.2691
4315 0.2843
4316 0.2163
4317 0.3816
4318 0.1595
4319 0.2711
4320 0.2447
4321 0.2563
4322 0.2746
4323 0.2346
4324 0.1596
4325 0.2438
4326 0.1272
4327 0.1945
4328 0.1907
4329 0.3059
4330 0.4829
4331 0.2155
4332 0.1423
4333 0.0643
4334 0.1091
4335 0.2904
4336 0.1515
4337 0.2804
4338 0.1694
4339 0.2946
4340 0.1988
4341 0.1525
4342 0.4202
4343 0.3140
4344 0.1179
4345 0.1860
4346 0.1903
4347 0.1307
4348 0.3653
4349 0.2221
4350 0.1264
4351 0.0765
4352 0.2710
4353 0.1915
4354 0.1723
4355 0.2761
4356 0.3326
4357 0.4602
4358 0.3779
4359 0.2224
4360 0.1787
4361 0.1089
4362 0.1776
4363 0.2792
4364 0.1721
4365 0.2199
4366 0.0853
4367 0.0989
4368 0.1360
4369 0.4029
4370 0.1357
4371 0.3107
4372 0.0612
4373 0.1904
4374 0.0781
4375 0.2647
4376 0.2782
4377 0.1880
4378 0.1897
4379 0.2180
4380 0.2959
4381 0.1817
4382 0.1150
4383 0.1511
4384 0.2881
4385 0.2403
4386 0.1593
4387 0.6547
4388 0.2052
4389 0.1239
4390 0.2838
4391 0.1600
4392 0.2515
4393 0.3863
4394 0.2515
4395 0.2537
4396 0.1597
4397 0.1480
4398 0.0919
4399 0.1569
4400 0.0902
4401 0.3235
4402 0.6231
4403 0.1045
4404 0.2308
4405 0.1877
4406 0.0592
4407 0.2913
4408 0.2482
4409 0.2573
4410 0.1204
4411 0.2289
4412 0.1172
4413 0.1775
4414 0.2429
4415 0.2542
4416 0.1890
4417 0.1539
4418 0.2927
4419 0.2103
4420 0.0727
4421 0.4408
4422 0.1273
4423 0.3494
4424 0.2337
4425 0.3152
4426 0.1226
4427 0.4319
4428 0.0891
4429 0.2205
4430 0.3436
4431 0.2526
4432 0.2016
4433 0.2720
4434 0.1855
4435 0.1221
4436 0.1615
4437 0.2078
4438 0.2422
4439 0.0927
4440 0.2289
4441 0.2231
4442 0.2620
4443 0.2246
4444 0.2885
4445 0.1513
4446 0.1899
4447 0.0744
4448 0.2177
4449 0.1237
4450 0.1965
4451 0.1241
4452 0.1226
4453 0.3002
4454 0.5333
4455 0.1426
4456 0.1274
4457 0.3392
4458 0.2824
4459 0.2164
4460 0.1762
4461 0.1751
4462 0.3023
4463 0.1594
4464 0.3204
4465 0.3251
4466 0.3244
4467 0.0897
4468 0.1920
4469 0.0735
4470 0.1837
4471 0.3197
4472 0.0998
4473 0.3304
4474 0.4316
4475 0.2073
4476 0.8003
4477 0.0874
4478 0.1537
4479 0.5122
4480 0.1677
4481 0.2090
4482 0.1684
4483 0.2652
4484 0.1292
4485 0.2068
4486 0.1328
4487 0.1635
4488 0.1685
4489 0.2251
4490 0.1335
4491 0.1916
4492 0.4719
4493 0.1091
4494 0.1807
4495 0.2124
4496 0.1345
4497 0.2016
4498 0.2087
4499 0.1876
4500 0.2182
4501 0.1280
4502 0.2484
4503 0.2230
4504 0.1708
4505 0.2951
4506 0.2898
4507 0.1954
4508 0.1907
4509 0.1960
4510 0.1148
4511 0.4306
4512 0.1969
4513 0.1448
4514 0.5897
4515 0.3530
4516 0.1529
4517 0.5295
4518 0.2736
4519 0.5170
4520 0.2234
4521 0.0689
4522 0.4147
4523 0.1620
4524 0.1551
4525 0.1778
4526 0.2696
4527 0.2110
4528 0.2459
4529 0.2770
4530 0.2585
4531 0.1556
4532 0.3363
4533 0.4366
4534 0.1438
4535 0.3365
4536 0.3420
4537 0.2041
4538 0.0736
4539 0.1625
4540 0.1818
4541 0.3397
4542 0.2321
4543 0.3649
4544 0.2057
4545 0.4740
4546 0.1624
4547 0.1874
4548 0.1639
4549 0.1406
4550 0.2204
4551 0.2380
4552 0.2099
4553 0.3237
4554 0.1585
4555 0.2291
4556 0.2602
4557 0.1515
4558 0.1624
4559 0.2560
4560 0.2221
4561 0.2418
4562 0.2191
4563 0.2107
4564 0.1053
4565 0.2369
4566 0.0507
4567 0.4538
4568 0.3430
4569 0.1720
4570 0.1744
4571 0.2800
4572 0.2609
4573 0.1480
4574 0.1824
4575 0.1931
4576 0.2195
4577 0.1852
4578 0.3255
4579 0.3250
4580 0.2033
4581 0.2578
4582 0.4979
4583 0.4090
4584 0.0734
4585 0.1859
4586 0.2028
4587 0.1147
4588 0.1593
4589 0.2268
4590 0.3450
4591 0.1730
4592 0.1383
4593 0.2337
4594 0.0906
4595 0.1308
4596 0.3088
4597 0.1232
4598 0.0924
4599 0.2002
4600 0.1493
4601 0.1812
4602 0.1068
4603 0.6352
4604 0.2259
4605 0.2970
4606 0.1169
4607 0.3183
4608 0.2038
4609 0.1937
4610 0.4202
4611 0.1520
4612 0.2233
4613 0.4056
4614 0.1843
4615 0.1351
4616 0.3108
4617 0.4177
4618 0.2638
4619 0.1396
4620 0.2416
4621 0.1242
4622 0.5008
4623 0.2030
4624 0.1807
4625 0.4442
4626 0.1435
4627 0.1596
4628 0.1681
4629 0.0917
4630 0.0774
4631 0.2816
4632 0.2514
4633 0.1645
4634 0.1530
4635 0.3304
4636 0.1613
4637 0.1407
4638 0.3234
4639 0.0962
4640 0.1303
4641 0.1853
4642 0.2673
4643 0.1996
4644 0.3143
4645 0.3049
4646 0.1425
4647 0.2686
4648 0.2713
4649 0.1321
4650 0.2358
4651 0.1268
4652 0.3904
4653 0.1062
4654 0.2572
4655 0.1282
4656 0.1154
4657 0.2864
4658 0.0749
4659 0.2494
4660 0.2040
4661 0.4297
4662 0.1627
4663 0.3590
4664 0.1356
4665 0.1686
4666 0.2604
4667 0.2339
4668 0.1948
4669 0.1828
4670 0.2585
4671 0.1627
4672 0.1167
4673 0.2330
4674 0.1067
4675 0.1551
4676 0.1693
4677 0.2116
4678 0.2449
4679 0.1892
4680 0.3183
4681 0.2049
4682 0.1016
4683 0.2076
4684 0.2940
4685 0.1405
4686 0.1769
4687 0.1989
4688 0.1874
4689 0.2446
4690 0.1899
4691 0.2559
4692 0.1405
4693 0.1388
4694 0.2225
4695 0.1446
4696 0.2059
4697 0.3389
4698 0.1601
4699 0.2259
4700 0.2657
4701 0.1122
4702 0.1938
4703 0.1652
4704 0.2932
4705 0.1241
4706 0.5755
4707 0.1529
4708 0.1463
4709 0.2221
4710 0.0971
4711 0.2415
4712 0.2242
4713 0.3048
4714 0.2162
4715 0.1991
4716 0.2222
4717 0.2302
4718 0.1941
4719 0.3937
4720 0.3899
4721 0.2055
4722 0.1661
4723 0.2810
4724 0.2342
4725 0.2327
4726 0.1730
4727 0.3811
4728 0.1530
4729 0.2726
4730 0.6565
4731 0.3378
4732 0.1295
4733 0.7075
4734 0.2101
4735 0.6353
4736 0.3326
4737 0.1973
4738 0.2178
4739 0.1783
4740 0.0899
4741 0.1451
4742 0.2626
4743 0.2920
4744 0.3413
4745 0.1441
4746 0.1716
4747 0.2279
4748 0.0774
4749 0.1321
4750 0.1013
4751 0.2430
4752 0.2042
4753 0.2328
4754 0.1586
4755 0.1756
4756 0.3188
4757 0.1360
4758 0.2876
4759 0.2572
4760 0.2515
4761 0.1549
4762 0.1969
4763 0.2111
4764 0.3784
4765 0.1845
4766 0.1371
4767 0.3225
4768 0.1966
4769 0.0647
4770 0.2972
4771 0.2156
4772 0.2395
4773 0.1271
4774 0.1190
4775 0.1310
4776 0.1240
4777 0.0825
4778 0.4003
4779 0.2821
4780 0.1466
4781 0.2016
4782 0.2362
4783 0.1410
4784 0.1886
4785 0.3033
4786 0.1482
4787 0.3726
4788 0.1207
4789 0.2811
4790 0.1059
4791 0.1518
4792 0.1814
4793 0.2098
4794 0.1487
4795 0.3989
4796 0.1149
4797 0.2791
4798 0.0938
4799 0.1423
4800 0.0562
4801 0.0873
4802 0.2198
4803 0.1357
4804 0.1566
4805 0.7103
4806 0.1314
4807 0.2661
4808 0.1554
4809 0.0794
4810 0.2353
4811 0.3071
4812 0.2095
4813 0.1464
4814 0.1289
4815 0.2815
4816 0.1656
4817 0.1351
4818 0.1950
4819 0.3147
4820 0.1322
4821 0.1624
4822 0.2084
4823 0.1396
4824 0.3193
4825 0.3163
4826 0.2034
4827 0.4650
4828 0.3817
4829 0.2536
4830 0.2548
4831 0.0565
4832 0.1274
4833 0.0751
4834 0.3989
4835 0.3601
4836 0.1169
4837 0.1440
4838 0.0964
4839 0.0491
4840 0.1125
4841 0.1248
4842 0.2011
4843 0.1654
4844 0.0899
4845 0.0696
4846 0.1138
4847 0.2752
4848 0.1679
4849 0.2090
4850 0.2463
4851 0.3762
4852 0.2827
4853 0.4368
4854 0.2153
4855 0.1451
4856 0.2063
4857 0.1272
4858 0.1431
4859 0.4575
4860 0.2001
4861 0.1155
4862 0.1334
4863 0.3276
4864 0.2650
4865 0.1514
4866 0.3772
4867 0.1252
4868 0.2315
4869 0.1103
4870 0.1024
4871 0.6125
4872 0.2513
4873 0.1738
4874 0.3340
4875 0.3121
4876 0.1781
4877 0.2372
4878 0.1467
4879 0.1984
4880 0.5753
4881 0.1639
4882 0.4401
4883 0.1095
4884 0.0739
4885 0.1355
4886 0.0593
4887 0.2031
4888 0.1337
4889 0.3868
4890 0.4189
4891 0.1354
4892 0.1493
4893 0.2023
4894 0.1771
4895 0.1687
4896 0.0735
4897 0.2203
4898 0.2204
4899 0.1352
4900 0.1571
4901 0.3455
4902 0.2727
4903 0.1917
4904 0.1550
4905 0.1926
4906 0.1678
4907 0.1191
4908 0.2720
4909 0.1648
4910 0.3405
4911 0.1996
4912 0.1581
4913 0.3229
4914 0.1152
4915 0.1848
4916 0.1276
4917 0.2448
4918 0.3839
4919 0.2448
4920 0.1500
4921 0.1763
4922 0.2384
4923 0.1622
4924 0.1512
4925 0.2083
4926 0.1895
4927 0.1311
4928 0.1787
4929 0.1478
4930 0.1423
4931 0.2330
4932 0.0783
4933 0.1545
4934 0.3615
4935 0.1379
4936 0.2824
4937 0.3081
4938 0.1512
4939 0.1316
4940 0.4132
4941 0.1025
4942 0.1272
4943 0.2446
4944 0.2065
4945 0.2472
4946 0.1225
4947 0.1524
4948 0.1638
4949 0.0780
4950 0.0911
4951 0.2528
4952 0.4917
4953 0.2037
4954 0.2776
4955 0.1811
4956 0.1143
4957 0.2013
4958 0.2048
4959 0.1746
4960 0.2951
4961 0.1948
4962 0.0918
4963 0.2393
4964 0.1542
4965 0.2134
4966 0.3717
4967 0.1639
4968 0.1968
4969 0.3322
4970 0.1560
4971 0.1676
4972 0.1283
4973 0.1199
4974 0.1325
4975 0.3096
4976 0.1929
4977 0.1957
4978 0.5047
4979 0.1189
4980 0.1439
4981 0.1694
4982 0.1353
4983 0.1131
4984 0.1515
4985 0.3523
4986 0.1500
4987 0.1173
4988 0.1318
4989 0.4483
4990 0.2124
4991 0.1439
4992 0.2516
4993 0.3356
4994 0.2255
4995 0.2647
4996 0.1698
4997 0.2793
4998 0.1785
4999 0.1675
5000 0.1376
