0.000000 0.000000 0.000000 -0.000000 0.000000 -0.002690 1748604961.327037
0.000000 0.000000 0.000000 -0.000000 0.000000 -0.002690 1748604961.359171
0.000000 0.000000 0.000000 -0.000000 0.000000 -0.002690 1748604961.391522
0.000000 0.000000 0.000000 -0.000000 0.000000 -0.002690 1748604961.422389
0.000000 0.000000 0.000000 -0.000000 0.000000 -0.002690 1748604961.454873
0.000000 0.000000 0.000000 -0.000000 0.000000 -0.002690 1748604961.487261
0.000000 0.000000 0.000000 -0.000000 0.000000 -0.002690 1748604961.518407
0.000000 0.000000 0.000000 -0.000000 0.000000 -0.002690 1748604961.549999
0.000000 0.000000 0.000000 -0.000000 0.000000 -0.002690 1748604961.582395
0.000000 0.000000 0.000000 -0.000000 0.000000 -0.002690 1748604961.613801
0.000000 0.000000 0.000000 -0.000000 0.000000 -0.002690 1748604961.646740
0.000000 0.000000 0.000000 -0.000000 0.000000 -0.002690 1748604961.678483
0.000000 0.000000 0.000000 -0.000000 0.000000 -0.002690 1748604961.710835
0.000000 0.000000 0.000000 -0.000000 0.000000 -0.002690 1748604961.742237
0.000000 0.000000 0.000000 -0.000000 0.000000 -0.002690 1748604961.775606
0.000000 0.000000 0.000000 -0.000000 0.000000 -0.002690 1748604961.807077
0.000000 0.000000 0.000000 -0.000000 0.000000 -0.002690 1748604961.839320
0.000000 0.000000 0.000000 -0.000000 0.000000 -0.002690 1748604961.870719
0.000000 0.000000 0.000000 -0.000000 0.000000 -0.002690 1748604961.903082
0.000000 0.000000 0.000000 -0.000000 0.000000 -0.002690 1748604961.935018
0.000000 0.000000 0.000000 -0.000000 0.000000 -0.002690 1748604961.966117
0.000000 0.000000 0.000000 -0.000000 0.000000 -0.002690 1748604961.999103
0.000000 0.000000 0.000000 -0.000000 0.000000 -0.002690 1748604962.030601
0.000000 0.000000 0.000000 -0.000000 0.000000 -0.002690 1748604962.062092
0.000000 0.000000 0.000000 -0.000000 0.000000 -0.002690 1748604962.094605
0.000000 0.000000 0.000000 -0.000000 0.000000 -0.002690 1748604962.126100
0.000000 0.000000 0.000000 -0.000000 0.000000 -0.002690 1748604962.159241
0.000000 0.000000 0.000000 -0.000000 0.000000 -0.002690 1748604962.190502
0.000000 0.000000 0.000000 -0.000000 0.000000 -0.002690 1748604962.222620
0.000000 0.000000 0.000000 -0.000000 0.000000 -0.002690 1748604962.254931
0.000000 0.000000 0.000000 -0.000000 0.000000 -0.002690 1748604962.287061
0.000000 0.000000 0.000000 -0.000000 0.000000 -0.002690 1748604962.318915
0.000000 0.000000 0.000000 -0.000000 0.000000 -0.002690 1748604962.350673
0.000000 0.000000 0.000000 -0.000000 0.000000 -0.002690 1748604962.382910
0.000000 0.000000 0.000000 -0.000000 0.000000 -0.002690 1748604962.415181
0.000000 0.000000 0.000000 -0.000000 0.000000 -0.002690 1748604962.447533
0.000000 0.000000 0.000000 -0.000000 0.000000 -0.002690 1748604962.479399
0.000000 0.000000 0.000000 -0.000000 0.000000 -0.002690 1748604962.511063
0.000000 0.000000 0.000000 -0.000000 0.000000 -0.002690 1748604962.543808
0.000000 0.000000 0.000000 -0.000000 0.000000 -0.002690 1748604962.575125
0.000000 0.000000 0.000000 -0.000000 0.000000 -0.002690 1748604962.607201
0.000000 0.000000 0.000000 -0.000000 0.000000 -0.002690 1748604962.639162
0.000000 0.000000 0.000000 -0.000000 0.000000 -0.002690 1748604962.671363
0.000000 0.000000 0.000000 -0.000000 0.000000 -0.002690 1748604962.703024
0.000000 0.000000 0.000000 -0.000000 0.000000 -0.002690 1748604962.735002
0.000000 0.000000 0.000000 -0.000000 0.000000 -0.002690 1748604962.767064
0.000000 0.000000 0.000000 -0.000000 0.000000 -0.002690 1748604962.799011
0.000000 0.000000 0.000000 -0.000000 0.000000 -0.002690 1748604962.830636
0.000000 0.000000 0.000000 -0.000000 0.000000 -0.002690 1748604962.862806
0.000000 0.000000 0.000000 -0.000000 0.000000 -0.002690 1748604962.895418
0.000000 0.000000 0.000000 -0.000000 0.000000 -0.002690 1748604962.927259
0.000000 0.000000 0.000000 -0.000000 0.000000 -0.002690 1748604962.958839
0.000000 0.000000 0.000000 -0.000000 0.000000 -0.002690 1748604962.990731
0.000000 0.000000 0.000000 -0.000000 0.000000 -0.002690 1748604963.023659
0.000000 0.000000 0.000000 -0.000000 0.000000 -0.002690 1748604963.053842
0.000000 0.000000 0.000000 -0.000000 0.000000 -0.002690 1748604963.087138
0.000000 0.000000 0.000000 -0.000000 0.000000 -0.002690 1748604963.119305
0.000000 0.000000 0.000000 -0.000000 0.000000 -0.002690 1748604963.149788
0.000000 0.000000 0.000000 -0.000000 0.000000 -0.002690 1748604963.183541
0.000000 0.000000 0.000000 -0.000000 0.000000 -0.002690 1748604963.215091
0.000000 0.000000 0.000000 -0.000000 0.000000 -0.002690 1748604963.245845
0.000000 0.000000 0.000000 -0.000000 0.000000 -0.002690 1748604963.279559
0.000000 0.000000 0.000000 -0.000000 0.000000 -0.002690 1748604963.312119
0.000000 0.000000 0.000000 -0.000000 0.000000 -0.002690 1748604963.342577
0.000000 0.000000 0.000000 -0.000000 0.000000 -0.002690 1748604963.375295
0.000000 0.000000 0.000000 -0.000000 0.000000 -0.002690 1748604963.406851
0.000000 0.000000 0.000000 -0.000000 0.000000 -0.002690 1748604963.438935
0.000000 0.000000 0.000000 -0.000000 0.000000 -0.002690 1748604963.470648
0.000000 0.000000 0.000000 -0.000000 0.000000 -0.002690 1748604963.503008
0.000000 0.000000 0.000000 -0.000000 0.000000 -0.002690 1748604963.535052
0.000000 0.000000 0.000000 -0.000000 0.000000 -0.002690 1748604963.567278
0.000000 0.000000 0.000000 -0.000000 0.000000 -0.002690 1748604963.599059
0.000000 0.000000 0.000000 -0.000000 0.000000 -0.002690 1748604963.631075
0.000000 0.000000 0.000000 -0.000000 0.000000 -0.002690 1748604963.664254
4.228734 0.000000 0.009894 -0.009894 0.000000 -0.002690 1748604963.822715
0.814979 5.905364 0.023818 -0.023818 0.005380 -0.008070 1748604963.886532
0.003770 0.349848 0.020315 -0.020315 0.021520 -0.005380 1748604963.950673
5.673068 0.000000 0.029894 -0.029894 0.018830 0.002690 1748604964.014570
0.000000 4.804437 0.035699 -0.035699 0.029590 -0.032280 1748604964.078693
1.266666 1.543104 0.035782 -0.035782 0.034970 -0.032280 1748604964.141906
1.409410 4.667007 0.043493 -0.043493 0.034970 -0.032280 1748604964.206436
1.423466 0.475946 0.040029 -0.040029 0.043040 -0.040350 1748604964.270485
0.204667 0.483861 0.034362 -0.034362 0.034970 -0.034970 1748604964.334207
1.642537 0.423941 0.032949 -0.032949 0.032280 -0.002690 1748604964.397680
0.294717 0.608934 0.029073 -0.029073 0.029590 0.008070 1748604964.462410
2.423305 0.090211 0.029667 -0.029667 0.026900 0.013450 1748604964.526556
1.994760 0.416519 0.029915 -0.029915 0.026900 -0.091460 1748604964.590895
2.506838 0.254255 0.030936 -0.030936 0.026900 -0.002690 1748604964.653616
2.281367 1.656036 0.034523 -0.034523 0.029590 -0.026900 1748604964.718477
1.687211 0.767491 0.033989 -0.033989 0.029590 -0.029590 1748604964.782670
0.543398 3.127294 0.036397 -0.036397 0.032280 -0.032280 1748604964.845716
1.780536 3.322523 0.041719 -0.041719 0.034970 -0.029590 1748604964.910620
2.544302 2.549532 0.046051 -0.046051 0.040350 -0.037660 1748604964.974717
1.900946 2.364200 0.047657 -0.047657 0.045730 -0.043040 1748604965.038206
2.297802 3.366328 0.052244 -0.052244 0.048420 -0.045730 1748604965.101994
2.147751 0.952735 0.049999 -0.049999 0.091460 -0.048420 1748604965.165382
3.853686 0.701699 0.051566 -0.051566 0.059180 -0.048420 1748604965.230867
9.550095 0.703859 0.066181 -0.066181 0.048420 -0.048420 1748604965.294755
6.604499 0.539070 0.070861 -0.070861 0.061870 -0.061870 1748604965.359065
4.574783 1.796325 0.072883 -0.072883 0.067250 -0.067250 1748604965.423811
1.178432 3.698000 0.071041 -0.071041 0.072630 -0.069940 1748604965.486708
0.094234 6.120073 0.072664 -0.072664 0.067250 -0.067250 1748604965.550530
1.959439 6.767755 0.079870 -0.079870 0.069940 -0.067250 1748604965.613639
1.199170 3.983574 0.077474 -0.077474 0.078010 -0.078010 1748604965.677851
1.332611 6.537970 0.081802 -0.081802 0.075320 -0.075320 1748604965.741496
3.841642 5.475480 0.088728 -0.088728 0.080700 -0.075320 1748604965.805761
3.149787 5.292679 0.092347 -0.092347 0.086080 -0.083390 1748604965.871079
4.574634 6.536043 0.101552 -0.101552 0.091460 -0.086080 1748604965.934997
4.908487 4.439124 0.104958 -0.104958 0.099530 -0.096840 1748604965.997486
3.276319 7.447367 0.110964 -0.110964 0.104910 -0.104910 1748604966.062113
4.127344 6.309523 0.115207 -0.115207 0.110290 -0.112980 1748604966.126204
3.750375 4.461104 0.113472 -0.113472 0.110290 -0.164090 1748604966.190778
6.055602 4.490547 0.117515 -0.117515 0.110290 -0.134500 1748604966.254600
10.384004 1.839049 0.124746 -0.124746 0.112980 -0.112980 1748604966.318562
12.256608 2.931789 0.137600 -0.137600 0.123740 -0.121050 1748604966.382290
4.988724 5.767209 0.137746 -0.137746 0.134500 -0.131810 1748604966.446690
8.094443 6.249377 0.146261 -0.146261 0.137190 -0.129120 1748604966.509528
4.364077 7.629136 0.147728 -0.147728 0.147950 -0.142570 1748604966.574348
1.207003 14.236664 0.157000 -0.157000 0.147950 -0.142570 1748604966.637318
1.359473 13.061731 0.162195 -0.162195 0.156020 -0.158710 1748604966.702517
2.381369 7.172252 0.155057 -0.155057 0.158710 -0.161400 1748604966.766175
5.908046 17.318889 0.181207 -0.181207 0.150640 -0.153330 1748604966.830205
5.240583 11.105750 0.186504 -0.186504 0.177540 -0.174850 1748604966.894189
3.194030 10.769197 0.185263 -0.185263 0.180230 -0.182920 1748604966.957618
5.501077 10.198627 0.188310 -0.188310 0.182920 -0.182920 1748604967.022260
9.102813 9.730159 0.198134 -0.198134 0.185610 -0.182920 1748604967.085668
8.791467 8.077545 0.201577 -0.201577 0.196370 -0.193680 1748604967.149469
7.126326 8.330995 0.201091 -0.201091 0.199060 -0.193680 1748604967.213671
5.321303 13.317907 0.208138 -0.208138 0.199060 -0.204440 1748604967.278572
12.025026 9.690770 0.221101 -0.221101 0.207130 -0.209820 1748604967.342681
6.792577 7.432648 0.214183 -0.214183 0.220580 -0.215200 1748604967.405265
10.422199 12.514874 0.228904 -0.228904 0.207130 -0.212510 1748604967.470446
4.347936 10.374371 0.221730 -0.221730 0.225960 -0.225960 1748604967.534791
10.642332 8.719915 0.226716 -0.226716 0.234030 -0.223270 1748604967.597306
14.551614 9.350600 0.241417 -0.241417 0.220580 -0.225960 1748604967.661581
22.602104 5.237490 0.262657 -0.262657 0.239410 -0.234030 1748604967.725428
5.571951 14.442412 0.261727 -0.261727 0.260930 -0.255550 1748604967.790640
6.013962 15.892105 0.265392 -0.265392 0.260930 -0.263620 1748604967.854486
4.435000 15.991561 0.264930 -0.264930 0.263620 -0.266310 1748604967.917402
9.801836 14.214890 0.272951 -0.272951 0.263620 -0.260930 1748604967.982712
5.692776 16.028903 0.274144 -0.274144 0.271690 -0.269000 1748604968.046644
12.129046 9.101761 0.273972 -0.273972 0.266310 -0.271690 1748604968.109679
5.651588 13.346076 0.268606 -0.268606 0.225960 -0.207130 1748604968.174361
12.426380 11.463082 0.275661 -0.275661 0.263620 -0.207130 1748604968.238288
7.464915 17.051782 0.282901 -0.282901 0.274380 -0.260930 1748604968.302542
7.305470 15.558384 0.284957 -0.284957 0.282450 -0.274380 1748604968.365456
9.652475 10.294244 0.279814 -0.279814 0.282450 -0.255550 1748604968.429679
9.586980 9.390737 0.273340 -0.273340 0.277070 -0.225960 1748604968.494009
13.934358 10.022443 0.279691 -0.279691 0.266310 -0.239410 1748604968.558177
15.043642 13.767505 0.296246 -0.296246 0.274380 -0.247480 1748604968.621903
4.405128 11.770827 0.280228 -0.280228 0.293210 -0.258240 1748604968.685629
11.836634 4.387677 0.267237 -0.267237 0.285140 -0.274380 1748604968.749649
9.993667 9.524207 0.264313 -0.264313 0.269000 -0.263620 1748604968.813646
11.043052 8.616416 0.262251 -0.262251 0.269000 -0.271690 1748604968.877875
5.893687 6.292497 0.243080 -0.243080 0.255550 -0.260930 1748604968.941372
14.565745 8.259430 0.252286 -0.252286 0.242100 -0.242100 1748604969.005824
12.418760 9.574578 0.257872 -0.257872 0.247480 -0.247480 1748604969.070576
16.797708 8.565664 0.270327 -0.270327 0.193680 -0.177540 1748604969.134365
5.315445 9.759515 0.256446 -0.256446 0.196370 -0.182920 1748604969.197654
3.692916 12.503310 0.247713 -0.247713 0.255550 -0.239410 1748604969.262389
4.664382 10.369402 0.237848 -0.237848 0.244790 -0.242100 1748604969.325088
4.953953 9.412856 0.228215 -0.228215 0.234030 -0.234030 1748604969.389411
5.169490 6.001986 0.212859 -0.212859 0.225960 -0.231340 1748604969.453916
9.562982 4.606905 0.207309 -0.207309 0.209820 -0.212510 1748604969.517815
8.137297 3.888747 0.197753 -0.197753 0.204440 -0.204440 1748604969.581953
4.783112 6.828865 0.188966 -0.188966 0.193680 -0.180230 1748604969.645507
6.047181 5.598656 0.181855 -0.181855 0.166780 -0.161400 1748604969.710404
1.562698 10.598769 0.177244 -0.177244 0.177540 -0.177540 1748604969.773895
1.982688 8.393790 0.169295 -0.169295 0.172160 -0.174850 1748604969.837995
1.381001 6.675262 0.157362 -0.157362 0.161400 -0.166780 1748604969.901228
7.047821 2.235038 0.150469 -0.150469 0.158710 -0.156020 1748604969.965025
6.109281 1.996126 0.142075 -0.142075 0.150640 -0.147950 1748604970.030464
6.207235 1.320108 0.133854 -0.133854 0.139880 -0.137190 1748604970.093646
3.276218 1.722595 0.121213 -0.121213 0.129120 -0.129120 1748604970.158303
1.146776 0.947510 0.104074 -0.104074 0.121050 -0.118360 1748604970.221974
1.047957 0.932853 0.089786 -0.089786 0.099530 -0.099530 1748604970.285770
0.126543 0.879665 0.075815 -0.075815 0.088770 -0.086080 1748604970.350495
0.013275 2.129329 0.067043 -0.067043 0.075320 -0.075320 1748604970.413843
0.002686 2.567819 0.060868 -0.060868 0.064560 -0.064560 1748604970.478135
0.065556 1.683164 0.053892 -0.053892 0.056490 -0.056490 1748604970.541954
0.070300 1.008873 0.046618 -0.046618 0.051110 -0.053800 1748604970.606093
0.067380 0.003377 0.038308 -0.038308 0.045730 -0.045730 1748604970.669361
0.074280 0.432694 0.032529 -0.032529 0.034970 -0.037660 1748604970.733481
0.003717 0.528216 0.027859 -0.027859 0.032280 -0.029590 1748604970.797101
0.003450 0.419395 0.023783 -0.023783 0.024210 -0.024210 1748604970.861291
0.003129 0.593029 0.020854 -0.020854 0.018830 -0.018830 1748604970.925153
0.002226 0.398432 0.018000 -0.018000 0.018830 -0.018830 1748604970.990208
0.000000 0.626759 0.016193 -0.016193 0.013450 -0.016140 1748604971.053393
0.000000 0.828970 0.015189 -0.015189 0.016140 -0.016140 1748604971.117704
0.000000 0.016761 0.012466 -0.012466 0.010760 -0.010760 1748604971.182763
0.000000 0.052676 0.010323 -0.010323 0.005380 -0.008070 1748604971.245120
0.000000 0.091103 0.008659 -0.008659 0.005380 -0.008070 1748604971.309467
0.000000 0.037800 0.007173 -0.007173 0.008070 -0.008070 1748604971.373711
0.000000 0.000000 0.005869 -0.005869 0.005380 -0.005380 1748604971.437015
0.000000 0.000000 0.004802 -0.004802 0.005380 -0.005380 1748604971.502418
0.000000 0.000000 0.003929 -0.003929 0.002690 0.002690 1748604971.565515
0.000000 0.000000 0.003214 -0.003214 0.002690 -0.002690 1748604971.630318
0.000000 0.000000 0.002630 -0.002630 0.002690 -0.002690 1748604971.694168
0.000000 0.000000 0.002152 -0.002152 0.000000 0.000000 1748604971.757084
0.000000 0.000000 0.001761 -0.001761 0.000000 -0.005380 1748604971.822161
0.000000 0.000000 0.001440 -0.001440 0.000000 0.002690 1748604971.885237
0.000000 0.000000 0.001179 -0.001179 0.000000 0.002690 1748604971.949497
0.000000 0.000000 0.000964 -0.000964 0.000000 0.005380 1748604971.982805
0.000000 0.000000 0.000789 -0.000789 0.000000 -0.005380 1748604972.013430
0.000000 0.000000 0.000646 -0.000646 0.000000 -0.005380 1748604972.047101
0.000000 0.000000 0.000528 -0.000528 0.000000 -0.005380 1748604972.077572
0.000000 0.000000 0.000432 -0.000432 0.000000 -0.005380 1748604972.111139
0.000000 0.000000 0.000354 -0.000354 0.000000 -0.005380 1748604972.141510
0.000000 0.000000 0.000289 -0.000289 0.000000 -0.005380 1748604972.173090
0.000000 0.000000 0.000237 -0.000237 0.000000 -0.005380 1748604972.206452
0.000000 0.000000 0.000194 -0.000194 0.000000 -0.005380 1748604972.237780
0.000000 0.000000 0.000158 -0.000158 0.000000 -0.005380 1748604972.269787
0.000000 0.000000 0.000130 -0.000130 0.000000 -0.005380 1748604972.302378
0.000000 0.000000 0.000106 -0.000106 0.000000 -0.005380 1748604972.334458
0.000000 0.000000 0.000087 -0.000087 0.000000 -0.005380 1748604972.365643
0.000000 0.000000 0.000071 -0.000071 0.000000 -0.005380 1748604972.398572
0.000000 0.000000 0.000058 -0.000058 0.000000 -0.005380 1748604972.429317
0.000000 0.000000 0.000048 -0.000048 0.000000 -0.005380 1748604972.462358
0.000000 0.000000 0.000039 -0.000039 0.000000 -0.005380 1748604972.493993
0.000000 0.000000 0.000032 -0.000032 0.000000 -0.005380 1748604972.526395
0.000000 0.000000 0.000026 -0.000026 0.000000 -0.005380 1748604972.559041
0.000000 0.000000 0.000021 -0.000021 0.000000 -0.005380 1748604972.590285
0.000000 0.000000 0.000017 -0.000017 0.000000 -0.005380 1748604972.622213
0.000000 0.000000 0.000014 -0.000014 0.000000 -0.005380 1748604972.654386
0.000000 0.000000 0.000012 -0.000012 0.000000 -0.005380 1748604972.686848
0.000000 0.000000 0.000010 -0.000010 0.000000 -0.005380 1748604972.718728
0.000000 22.688150 0.053090 -0.053090 0.000000 -0.005380 1748604972.781912
2.002852 0.099660 0.048356 -0.048356 0.048420 -0.048420 1748604972.846246
0.918469 2.876421 0.048443 -0.048443 0.045730 -0.043040 1748604972.909650
2.926690 0.097251 0.046710 -0.046710 0.048420 -0.048420 1748604972.974294
0.041776 1.990901 0.042973 -0.042973 0.043040 -0.043040 1748604973.037411
2.428872 5.110009 0.052798 -0.052798 0.040350 -0.040350 1748604973.101017
0.698885 2.383384 0.050409 -0.050409 0.048420 -0.051110 1748604973.166242
0.071351 2.665502 0.047647 -0.047647 0.045730 -0.045730 1748604973.229435
3.766154 1.546948 0.051415 -0.051415 0.043040 -0.043040 1748604973.292823
1.099455 0.516430 0.045847 -0.045847 0.048420 -0.051110 1748604973.357135
3.362472 0.596398 0.046774 -0.046774 0.045730 -0.064560 1748604973.421219
3.317189 0.000000 0.046030 -0.046030 0.043040 -0.061870 1748604973.485345
5.474736 0.000000 0.050470 -0.050470 0.045730 -0.045730 1748604973.549623
8.466381 0.000000 0.061102 -0.061102 0.045730 -0.045730 1748604973.614230
12.524768 0.000000 0.079296 -0.079296 0.056490 -0.056490 1748604973.678143
5.236150 0.012102 0.077157 -0.077157 0.075320 -0.075320 1748604973.740936
7.687496 0.040202 0.081208 -0.081208 0.075320 -0.075320 1748604973.805150
0.075476 4.229335 0.076515 -0.076515 0.080700 -0.080700 1748604973.869576
0.108325 5.947945 0.076772 -0.076772 0.069940 -0.075320 1748604973.934282
5.104675 6.897476 0.090894 -0.090894 0.072630 -0.075320 1748604973.997938
3.870390 6.441433 0.098494 -0.098494 0.086080 -0.088770 1748604974.062200
3.071772 8.610561 0.107918 -0.107918 0.099530 -0.099530 1748604974.125208
2.690555 11.792887 0.122182 -0.122182 0.110290 -0.110290 1748604974.189774
2.577204 6.723667 0.121728 -0.121728 0.115670 -0.123740 1748604974.253456
2.184862 11.785103 0.132280 -0.132280 0.123740 -0.118360 1748604974.317131
6.292434 6.155211 0.137352 -0.137352 0.134500 -0.129120 1748604974.381287
5.742603 10.207505 0.149696 -0.149696 0.131810 -0.134500 1748604974.445291
5.807078 10.175149 0.159871 -0.159871 0.147950 -0.147950 1748604974.509588
8.369693 5.677225 0.163668 -0.163668 0.156020 -0.158710 1748604974.573276
1.183183 4.968993 0.148304 -0.148304 0.153330 -0.158710 1748604974.637085
4.246408 4.700889 0.142273 -0.142273 0.142570 -0.147950 1748604974.701487
5.363626 7.498636 0.146498 -0.146498 0.134500 -0.139880 1748604974.765737
6.290116 7.576008 0.152303 -0.152303 0.145260 -0.145260 1748604974.829146
4.648996 5.361370 0.148032 -0.148032 0.150640 -0.145260 1748604974.893830
7.976372 2.440363 0.145489 -0.145489 0.147950 -0.142570 1748604974.957163
4.206544 4.326943 0.139001 -0.139001 0.142570 -0.142570 1748604975.021152
8.153962 4.714520 0.143836 -0.143836 0.134500 -0.134500 1748604975.085032
4.544063 4.420887 0.138658 -0.138658 0.142570 -0.139880 1748604975.150178
10.233647 5.509245 0.150280 -0.150280 0.134500 -0.139880 1748604975.213664
8.938364 7.062398 0.160392 -0.160392 0.150640 -0.188300 1748604975.277514
9.754860 5.638620 0.167245 -0.167245 0.161400 -0.161400 1748604975.341264
13.181819 5.657802 0.180914 -0.180914 0.169470 -0.166780 1748604975.405130
7.819774 4.893213 0.177764 -0.177764 0.185610 -0.180230 1748604975.469833
3.608410 6.143875 0.168260 -0.168260 0.174850 -0.180230 1748604975.532910
1.773574 8.585354 0.161904 -0.161904 0.166780 -0.166780 1748604975.597450
2.278043 8.390732 0.157427 -0.157427 0.158710 -0.164090 1748604975.662083
3.201288 15.842852 0.173360 -0.173360 0.158710 -0.158710 1748604975.725413
3.510616 10.766618 0.175244 -0.175244 0.172160 -0.166780 1748604975.789980
2.439826 12.796363 0.179028 -0.179028 0.172160 -0.177540 1748604975.853753
3.356102 11.576969 0.181415 -0.181415 0.180230 -0.174850 1748604975.917004
10.959365 6.448584 0.189159 -0.189159 0.182920 -0.182920 1748604975.981158
5.066322 11.448988 0.193406 -0.193406 0.185610 -0.190990 1748604976.045683
7.996016 6.939157 0.193184 -0.193184 0.190990 -0.190990 1748604976.109069
6.231394 11.197285 0.198836 -0.198836 0.190990 -0.188300 1748604976.173118
8.640745 11.485414 0.209772 -0.209772 0.199060 -0.190990 1748604976.237010
14.371867 11.668403 0.232556 -0.232556 0.209820 -0.201750 1748604976.301028
13.240300 9.889914 0.244389 -0.244389 0.225960 -0.228650 1748604976.365656
9.764255 11.528887 0.249772 -0.249772 0.242100 -0.236720 1748604976.428427
15.661678 9.436896 0.263080 -0.263080 0.252860 -0.242100 1748604976.493466
7.024641 11.772492 0.259226 -0.259226 0.266310 -0.258240 1748604976.557201
16.281464 9.081004 0.271432 -0.271432 0.250170 -0.250170 1748604976.621982
10.322638 15.967101 0.283589 -0.283589 0.266310 -0.263620 1748604976.685185
15.155408 11.394277 0.294144 -0.294144 0.282450 -0.274380 1748604976.748203
11.703208 11.725083 0.295476 -0.295476 0.290520 -0.290520 1748604976.813229
12.172308 15.643992 0.306833 -0.306833 0.298590 -0.287830 1748604976.876693
14.886709 15.493342 0.322123 -0.322123 0.303970 -0.301280 1748604976.940896
10.125974 12.391484 0.316238 -0.316238 0.320110 -0.247480 1748604977.005286
13.614501 14.884324 0.325416 -0.325416 0.312040 -0.177540 1748604977.069958
9.131766 13.547657 0.319311 -0.319311 0.322800 -0.166780 1748604977.133864
13.663068 11.643180 0.320462 -0.320462 0.314730 -0.182920 1748604977.197430
10.770538 14.105570 0.320397 -0.320397 0.322800 -0.174850 1748604977.260867
9.009363 17.212617 0.323492 -0.323492 0.320110 -0.185610 1748604977.325136
8.355599 12.867557 0.314330 -0.314330 0.322800 -0.185610 1748604977.389571
10.935812 9.447709 0.304868 -0.304868 0.312040 -0.180230 1748604977.453628
5.196893 10.280619 0.285649 -0.285649 0.309350 -0.180230 1748604977.517239
7.544123 11.803802 0.278980 -0.278980 0.285140 -0.177540 1748604977.580704
6.801157 11.944117 0.272113 -0.272113 0.271690 -0.169470 1748604977.645667
5.763047 5.030672 0.247891 -0.247891 0.274380 -0.182920 1748604977.709306
6.833543 4.738285 0.229894 -0.229894 0.244790 -0.207130 1748604977.773210
5.538612 7.550079 0.218718 -0.218718 0.231340 -0.223270 1748604977.837397
7.288282 6.765254 0.211831 -0.211831 0.212510 -0.220580 1748604977.901342
4.937630 5.162667 0.196947 -0.196947 0.204440 -0.204440 1748604977.965632
8.905229 3.971746 0.191266 -0.191266 0.199060 -0.196370 1748604978.028862
6.677982 3.928111 0.181304 -0.181304 0.196370 -0.196370 1748604978.092990
13.166694 1.931879 0.183665 -0.183665 0.180230 -0.182920 1748604978.157528
8.184753 5.923765 0.183280 -0.183280 0.180230 -0.182920 1748604978.221350
5.432672 6.407164 0.177657 -0.177657 0.180230 -0.180230 1748604978.284777
2.341502 6.155513 0.165236 -0.165236 0.177540 -0.180230 1748604978.350208
2.163728 5.460901 0.153031 -0.153031 0.166780 -0.166780 1748604978.413457
2.285326 4.888794 0.141992 -0.141992 0.279760 -0.153330 1748604978.477849
2.036985 3.514310 0.129163 -0.129163 0.258240 -0.139880 1748604978.541595
6.786681 0.083797 0.121754 -0.121754 0.158710 -0.129120 1748604978.604859
1.112209 0.106191 0.102467 -0.102467 0.131810 -0.112980 1748604978.668985
2.167784 0.104767 0.089154 -0.089154 0.102220 -0.096840 1748604978.734272
4.504503 0.114313 0.083750 -0.083750 0.086080 -0.086080 1748604978.797517
0.390175 0.118989 0.069714 -0.069714 0.080700 -0.080700 1748604978.861273
0.273845 0.120580 0.057962 -0.057962 0.064560 -0.067250 1748604978.924963
0.305110 0.120816 0.048420 -0.048420 0.056490 -0.067250 1748604978.989977
0.306950 0.122415 0.040621 -0.040621 0.037660 -0.048420 1748604979.053045
1.098866 0.193695 0.036259 -0.036259 0.034970 -0.010760 1748604979.117682
0.198117 3.782947 0.038981 -0.038981 0.053800 -0.064560 1748604979.180578
0.155938 7.803534 0.050516 -0.050516 0.037660 -0.034970 1748604979.245149
0.111949 6.410852 0.056592 -0.056592 0.045730 -0.045730 1748604979.308441
0.573798 23.166386 0.101845 -0.101845 0.056490 -0.053800 1748604979.373477
1.528858 13.706342 0.118973 -0.118973 0.099530 -0.099530 1748604979.437002
4.616419 6.357592 0.123016 -0.123016 0.115670 -0.115670 1748604979.502044
1.023805 17.817910 0.144732 -0.144732 0.121050 -0.121050 1748604979.564513
10.807468 21.451662 0.193891 -0.193891 0.142570 -0.123740 1748604979.628838
7.581760 12.875617 0.206501 -0.206501 0.172160 -0.145260 1748604979.693770
9.071333 6.781909 0.206046 -0.206046 0.207130 -0.177540 1748604979.756855
5.368269 12.679593 0.210808 -0.210808 0.207130 -0.201750 1748604979.821158
4.710142 16.107279 0.221184 -0.221184 0.204440 -0.209820 1748604979.885573
10.399291 1.461523 0.208719 -0.208719 0.215200 -0.220580 1748604979.949229
11.563520 1.936588 0.202355 -0.202355 0.209820 -0.209820 1748604980.013281
15.108076 1.171091 0.203650 -0.203650 0.201750 -0.199060 1748604980.076735
18.242220 8.123405 0.228309 -0.228309 0.193680 -0.196370 1748604980.141520
14.832222 6.629376 0.237010 -0.237010 0.217890 -0.220580 1748604980.205948
12.609756 6.552564 0.238750 -0.238750 0.239410 -0.231340 1748604980.269617
22.228119 15.120030 0.282721 -0.282721 0.242100 -0.231340 1748604980.332599
21.134807 16.574536 0.319543 -0.319543 0.279760 -0.282450 1748604980.396735
16.884659 5.663060 0.314198 -0.314198 0.317420 -0.217890 1748604980.460479
17.394984 20.485762 0.345697 -0.345697 0.309350 -0.236720 1748604980.524401
15.071701 15.169469 0.353596 -0.353596 0.341630 -0.263620 1748604980.588192
13.869825 18.461778 0.364950 -0.364950 0.347010 -0.298590 1748604980.653442
17.204700 15.299698 0.374643 -0.374643 0.357770 -0.314730 1748604980.716594
16.840806 13.675427 0.377923 -0.377923 0.373910 -0.341630 1748604980.780619
19.014516 22.613677 0.406604 -0.406604 0.376600 -0.336250 1748604980.860648
18.942695 14.530251 0.410990 -0.410990 0.400810 -0.390050 1748604980.924351
15.651192 17.004283 0.412666 -0.412666 0.398120 -0.360460 1748604980.989624
12.053049 14.503034 0.399767 -0.399767 0.390050 -0.398120 1748604981.053797
17.158670 14.936313 0.402172 -0.402172 0.398120 -0.395430 1748604981.116233
18.871549 15.028194 0.408363 -0.408363 0.400810 -0.395430 1748604981.180955
9.847028 12.186298 0.385665 -0.385665 0.400810 -0.400810 1748604981.245832
13.965596 12.858282 0.378301 -0.378301 0.379290 -0.387360 1748604981.309322
11.322261 10.593796 0.360795 -0.360795 0.376600 -0.371220 1748604981.372839
5.633090 11.732233 0.335824 -0.335824 0.360460 -0.290520 1748604981.437555
5.990150 8.591491 0.308881 -0.308881 0.330870 -0.285140 1748604981.500328
5.456435 12.962040 0.295813 -0.295813 0.306660 -0.298590 1748604981.565007
5.206768 11.439227 0.280974 -0.280974 0.290520 -0.266310 1748604981.628555
4.214297 12.382261 0.268717 -0.268717 0.279760 -0.236720 1748604981.693602
8.161964 12.827158 0.268966 -0.268966 0.263620 -0.250170 1748604981.757466
10.419880 10.311925 0.268568 -0.268568 0.260930 -0.269000 1748604981.821271
8.072474 15.161301 0.274096 -0.274096 0.266310 -0.266310 1748604981.884981
11.047536 10.325458 0.274265 -0.274265 0.269000 -0.266310 1748604981.949601
6.629219 11.592319 0.267030 -0.267030 0.271690 -0.269000 1748604982.013635
10.168844 8.531791 0.262232 -0.262232 0.266310 -0.263620 1748604982.077720
6.206787 4.408595 0.239389 -0.239389 0.263620 -0.269000 1748604982.142150
7.722654 5.573016 0.226971 -0.226971 0.236720 -0.236720 1748604982.205611
7.782172 4.831637 0.215215 -0.215215 0.228650 -0.223270 1748604982.269232
11.299432 1.975814 0.207144 -0.207144 0.209820 -0.217890 1748604982.333302
6.817091 3.720194 0.194135 -0.194135 0.207130 -0.201750 1748604982.397416
9.242415 6.975232 0.196781 -0.196781 0.185610 -0.193680 1748604982.461406
6.592197 6.124194 0.190754 -0.190754 0.067250 -0.142570 1748604982.525423
7.749981 4.493465 0.184716 -0.184716 0.056490 -0.094150 1748604982.589418
2.441725 11.547515 0.183861 -0.183861 0.094150 -0.102220 1748604982.653182
0.013993 11.538693 0.177461 -0.177461 0.096840 -0.115670 1748604982.716470
0.026649 6.539256 0.160557 -0.160557 0.123740 -0.142570 1748604982.781230
0.041350 2.242495 0.136708 -0.136708 0.158710 -0.161400 1748604982.844300
0.053448 1.396910 0.115245 -0.115245 0.134500 -0.131810 1748604982.908998
0.060530 1.021723 0.096824 -0.096824 0.112980 -0.110290 1748604982.973100
0.058119 0.301344 0.080060 -0.080060 0.094150 -0.088770 1748604983.036342
0.052778 0.000000 0.065627 -0.065627 0.075320 -0.075320 1748604983.101414
0.044057 0.000000 0.053798 -0.053798 0.061870 -0.061870 1748604983.164861
0.037895 0.000000 0.044105 -0.044105 0.008070 -0.018830 1748604983.228902
0.017888 0.000000 0.036128 -0.036128 0.008070 -0.016140 1748604983.293448
0.000000 0.000000 0.029559 -0.029559 0.008070 -0.016140 1748604983.356696
0.000000 0.000000 0.024185 -0.024185 0.002690 -0.016140 1748604983.420696
0.000000 0.000000 0.019788 -0.019788 0.002690 -0.013450 1748604983.485666
0.000000 0.000000 0.016190 -0.016190 0.008070 -0.016140 1748604983.548177
0.000000 0.000000 0.013246 -0.013246 0.005380 -0.016140 1748604983.613797
0.000000 0.000000 0.010838 -0.010838 0.005380 -0.010760 1748604983.676735
0.000000 0.000000 0.008867 -0.008867 0.002690 -0.010760 1748604983.740832
0.000000 0.000000 0.007255 -0.007255 0.005380 -0.008070 1748604983.805137
0.000000 0.000000 0.005936 -0.005936 0.002690 -0.002690 1748604983.869709
0.000000 0.000000 0.004857 -0.004857 0.005380 -0.002690 1748604983.933700
0.000000 0.000000 0.003974 -0.003974 0.002690 -0.002690 1748604983.996510
0.000000 0.000000 0.003251 -0.003251 0.002690 -0.002690 1748604984.061324
0.000000 0.000000 0.002660 -0.002660 0.002690 -0.002690 1748604984.125049
0.000000 0.000000 0.002176 -0.002176 0.005380 -0.008070 1748604984.189624
0.000000 0.000000 0.001781 -0.001781 0.000000 0.000000 1748604984.252580
0.000000 0.000000 0.001457 -0.001457 0.000000 0.000000 1748604984.316996
0.000000 0.000000 0.001192 -0.001192 0.000000 0.000000 1748604984.381653
0.000000 0.000000 0.000975 -0.000975 0.000000 0.000000 1748604984.413922
0.000000 0.000000 0.000798 -0.000798 0.000000 0.000000 1748604984.445382
0.000000 0.000000 0.000653 -0.000653 0.000000 0.000000 1748604984.478302
0.000000 0.000000 0.000534 -0.000534 0.000000 0.000000 1748604984.509776
0.000000 0.000000 0.000437 -0.000437 0.000000 -0.002690 1748604984.541267
0.000000 0.000000 0.000358 -0.000358 0.000000 -0.002690 1748604984.573903
0.000000 0.000000 0.000293 -0.000293 0.000000 -0.002690 1748604984.605573
0.000000 0.000000 0.000239 -0.000239 0.000000 -0.002690 1748604984.637429
0.000000 0.000000 0.000196 -0.000196 0.000000 -0.002690 1748604984.669481
0.000000 0.000000 0.000160 -0.000160 0.000000 -0.002690 1748604984.702507
0.000000 0.000000 0.000131 -0.000131 0.000000 -0.002690 1748604984.733393
0.000000 0.000000 0.000107 -0.000107 0.000000 -0.002690 1748604984.765573
0.000000 0.000000 0.000088 -0.000088 0.000000 -0.002690 1748604984.797620
0.000000 0.000000 0.000072 -0.000072 0.000000 -0.002690 1748604984.829938
0.000000 0.000000 0.000059 -0.000059 0.000000 -0.002690 1748604984.861621
0.000000 0.000000 0.000048 -0.000048 0.000000 -0.002690 1748604984.893759
0.000000 0.000000 0.000039 -0.000039 0.000000 -0.002690 1748604984.925750
0.000000 0.000000 0.000032 -0.000032 0.000000 -0.002690 1748604984.957725
0.000000 0.000000 0.000026 -0.000026 0.000000 -0.002690 1748604984.989614
0.000000 0.000000 0.000022 -0.000022 0.000000 -0.002690 1748604985.021554
0.000000 0.000000 0.000018 -0.000018 0.000000 -0.002690 1748604985.053396
0.000000 0.000000 0.000014 -0.000014 0.000000 -0.002690 1748604985.086258
0.000000 0.000000 0.000012 -0.000012 0.000000 -0.002690 1748604985.118000
0.000000 0.000000 0.000010 -0.000010 0.000000 -0.002690 1748604985.149624
0.000000 0.000000 0.000008 -0.000008 0.000000 -0.002690 1748604985.181428
0.000000 0.000000 0.000006 -0.000006 0.000000 -0.002690 1748604985.214539
0.000000 0.000000 0.000005 -0.000005 0.000000 -0.002690 1748604985.246161
0.000000 0.000000 0.000004 -0.000004 0.000000 -0.002690 1748604985.277983
0.000000 0.000000 0.000004 -0.000004 0.000000 -0.002690 1748604985.309874
0.000000 0.000000 0.000003 -0.000003 0.000000 -0.002690 1748604985.341872
0.000000 0.000000 0.000002 -0.000002 0.000000 -0.002690 1748604985.373471
0.000000 0.000000 0.000002 -0.000002 0.000000 -0.002690 1748604985.405659
0.000000 0.000000 0.000002 -0.000002 0.000000 -0.002690 1748604985.437473
0.000000 0.000000 0.000001 -0.000001 0.000000 -0.002690 1748604985.469688
0.000000 0.000000 0.000001 -0.000001 0.000000 -0.002690 1748604985.501840
0.000000 0.000000 0.000001 -0.000001 0.000000 -0.002690 1748604985.533802
0.000000 0.000000 0.000001 -0.000001 0.000000 -0.002690 1748604985.565743
0.000000 0.000000 0.000001 -0.000001 0.000000 -0.002690 1748604985.597645
0.000000 0.000000 0.000000 -0.000000 0.000000 -0.002690 1748604985.630487
0.000000 0.000000 0.000000 -0.000000 0.000000 -0.002690 1748604985.662224
0.000000 0.000000 0.000000 -0.000000 0.000000 -0.002690 1748604985.694025
0.000000 0.000000 0.000000 -0.000000 0.000000 -0.002690 1748604985.726058
0.000000 0.000000 0.000000 -0.000000 0.000000 -0.002690 1748604985.774562
0.000000 0.000000 0.000000 -0.000000 0.000000 -0.002690 1748604985.805527
0.000000 0.000000 0.000000 -0.000000 0.000000 -0.002690 1748604985.838012
0.000000 0.000000 0.000000 -0.000000 0.000000 -0.002690 1748604985.869386
0.000000 0.000000 0.000000 -0.000000 0.000000 -0.002690 1748604985.902036
0.000000 0.000000 0.000000 -0.000000 0.000000 -0.002690 1748604985.933348
0.000000 0.000000 0.000000 -0.000000 0.000000 -0.002690 1748604985.965463
0.000000 0.000000 0.000000 -0.000000 0.000000 -0.002690 1748604985.997201
0.000000 0.000000 0.000000 -0.000000 0.000000 -0.002690 1748604986.029911
0.000000 0.000000 0.000000 -0.000000 0.000000 -0.002690 1748604986.062559
0.000000 0.000000 0.000000 -0.000000 0.000000 -0.002690 1748604986.093629
0.000000 0.000000 0.000000 -0.000000 0.000000 -0.002690 1748604986.125722
0.000000 0.000000 0.000000 -0.000000 0.000000 -0.002690 1748604986.157564
0.000000 0.000000 0.000000 -0.000000 0.000000 -0.002690 1748604986.189662
0.000000 0.000000 0.000000 -0.000000 0.000000 -0.002690 1748604986.221615
0.000000 0.000000 0.000000 -0.000000 0.000000 -0.002690 1748604986.253225
0.000000 0.000000 0.000000 -0.000000 0.000000 -0.002690 1748604986.285923
0.000000 0.000000 0.000000 -0.000000 0.000000 -0.002690 1748604986.317319
0.000000 0.000000 0.000000 -0.000000 0.000000 -0.002690 1748604986.349672
0.000000 0.000000 0.000000 -0.000000 0.000000 -0.002690 1748604986.381167
0.000000 0.000000 0.000000 -0.000000 0.000000 -0.002690 1748604986.413488
0.000000 0.000000 0.000000 -0.000000 0.000000 -0.002690 1748604986.445801
0.000000 0.000000 0.000000 -0.000000 0.000000 -0.002690 1748604986.478677
0.000000 0.000000 0.000000 -0.000000 0.000000 -0.002690 1748604986.509027
0.000000 0.000000 0.000000 -0.000000 0.000000 -0.002690 1748604986.541565
0.000000 0.000000 0.000000 -0.000000 0.000000 -0.002690 1748604986.573776
0.000000 0.000000 0.000000 -0.000000 0.000000 -0.002690 1748604986.605425
0.000000 0.000000 0.000000 -0.000000 0.000000 -0.002690 1748604986.637162
0.000000 0.000000 0.000000 -0.000000 0.000000 -0.002690 1748604986.670437
0.000000 0.000000 0.000000 -0.000000 0.000000 -0.002690 1748604986.700780
0.000000 0.000000 0.000000 -0.000000 0.000000 -0.002690 1748604986.734054
0.000000 0.000000 0.000000 -0.000000 0.000000 -0.002690 1748604986.765994
0.000000 0.000000 0.000000 -0.000000 0.000000 -0.002690 1748604986.797662
