1 0 1735128496.8938696 1735128574.4318697 0.3000000000000002 8.30000000000084 8.30000000000084 10.29999999999973 10.29999999999973 15.29999999999696 
1 0 1735128610.5726469 1735128690.2376373 0.3000000000000002 8.30000000000084 8.30000000000084 10.29999999999973 10.29999999999973 15.29999999999696 
1 0 1735128731.9581087 1735128810.1454408 0.3000000000000002 8.30000000000084 8.30000000000084 10.29999999999973 10.29999999999973 15.29999999999696 
1 0 1735128854.8629055 1735128932.8168952 0.3000000000000002 8.30000000000084 8.30000000000084 10.29999999999973 10.29999999999973 15.29999999999696 
1 0 1735128976.965785 1735129054.9983518 0.3000000000000002 8.30000000000084 8.30000000000084 10.29999999999973 10.29999999999973 15.29999999999696 
1 0 1735129096.030307 1735129173.5266292 0.3000000000000002 8.30000000000084 8.30000000000084 10.29999999999973 10.29999999999973 15.29999999999696 
1 4 1735129213.0880923 1735129290.8738256 0.3000000000000002 8.30000000000084 8.30000000000084 10.29999999999973 10.29999999999973 15.29999999999696 
1 0 1735129330.784231 1735129411.1303594 0.3000000000000002 8.30000000000084 8.30000000000084 10.29999999999973 10.29999999999973 15.29999999999696 
1 0 1735129454.7535276 1735129532.8917363 0.3000000000000002 8.30000000000084 8.30000000000084 10.29999999999973 10.29999999999973 15.29999999999696 
1 0 1735129576.9940484 1735129655.557093 0.3000000000000002 8.30000000000084 8.30000000000084 10.29999999999973 10.29999999999973 15.29999999999696 
1 4 1735129702.982662 1735129780.1281712 0.3000000000000002 8.30000000000084 8.30000000000084 10.29999999999973 10.29999999999973 15.29999999999696 
1 0 1735129811.3876903 1735129888.77231 0.3000000000000002 8.30000000000084 8.30000000000084 10.29999999999973 10.29999999999973 15.29999999999696 
1 0 1735129929.2152543 1735130007.7754104 0.3000000000000002 8.30000000000084 8.30000000000084 10.29999999999973 10.29999999999973 15.29999999999696 
1 0 1735130051.8277178 1735130129.5366342 0.3000000000000002 8.30000000000084 8.30000000000084 10.29999999999973 10.29999999999973 15.29999999999696 
1 0 1735130168.8796225 1735130261.8876343 0.3000000000000002 8.30000000000084 8.30000000000084 10.29999999999973 10.29999999999973 15.29999999999696 
1 0 1735130311.7593508 1735130399.6140301 0.3000000000000002 8.30000000000084 8.30000000000084 10.29999999999973 10.29999999999973 15.29999999999696 
1 0 1735130445.559566 1735130525.5302346 0.3000000000000002 8.30000000000084 8.30000000000084 10.29999999999973 10.29999999999973 15.29999999999696 
1 0 1735130563.0850074 1735130642.9258423 0.3000000000000002 8.30000000000084 8.30000000000084 10.29999999999973 10.29999999999973 15.29999999999696 
1 2 1735130687.4031606 1735130768.2419188 0.3000000000000002 8.30000000000084 0 0 0 0 
1 2 1735130793.2989674 1735130870.4334393 0.3000000000000002 8.30000000000084 0 0 0 0 
1 0 1735130888.8293655 1735130965.2711232 0.3000000000000002 8.30000000000084 8.30000000000084 10.29999999999973 10.29999999999973 15.29999999999696 
1 0 1735131010.5085151 1735131092.693355 0.3000000000000002 8.30000000000084 8.30000000000084 10.29999999999973 10.29999999999973 15.29999999999696 
1 0 1735131137.128273 1735131218.5803545 0.3000000000000002 8.30000000000084 8.30000000000084 10.29999999999973 10.29999999999973 15.29999999999696 
1 0 1735131261.6078444 1735131343.004501 0.3000000000000002 8.30000000000084 8.30000000000084 10.29999999999973 10.29999999999973 15.29999999999696 
1 0 1735131386.5954416 1735131460.896037 0.3000000000000002 8.30000000000084 8.30000000000084 10.29999999999973 10.29999999999973 15.29999999999696 
1 0 1735131503.3409572 1735131586.8335774 0.3000000000000002 8.30000000000084 8.30000000000084 10.29999999999973 10.29999999999973 15.29999999999696 
1 2 1735131631.7340298 1735131705.5121636 0.3000000000000002 8.30000000000084 0 0 0 0 
1 0 1735131726.0801678 1735131801.8291163 0.3000000000000002 8.30000000000084 8.30000000000084 10.29999999999973 10.29999999999973 15.29999999999696 
1 0 1735131844.5947897 1735131930.2656064 0.3000000000000002 8.30000000000084 8.30000000000084 10.29999999999973 10.29999999999973 15.29999999999696 
1 0 1735131970.339463 1735132047.8583848 0.3000000000000002 8.30000000000084 8.30000000000084 10.29999999999973 10.29999999999973 15.29999999999696 
1 0 1735132090.2066293 1735132168.6126325 0.3000000000000002 8.30000000000084 8.30000000000084 10.29999999999973 10.29999999999973 15.29999999999696 
1 0 1735132208.94474 1735132291.897177 0.3000000000000002 8.30000000000084 8.30000000000084 10.29999999999973 10.29999999999973 15.29999999999696 
1 4 1735132337.3936458 1735132417.6626148 0.3000000000000002 8.30000000000084 8.30000000000084 10.29999999999973 10.29999999999973 15.29999999999696 
1 0 1735132452.8425949 1735132534.203336 0.3000000000000002 8.30000000000084 8.30000000000084 10.29999999999973 10.29999999999973 15.29999999999696 
1 0 1735132584.2081182 1735132665.235434 0.3000000000000002 8.30000000000084 8.30000000000084 10.29999999999973 10.29999999999973 15.29999999999696 
1 0 1735132712.2449577 1735132792.1019852 0.3000000000000002 8.30000000000084 8.30000000000084 10.29999999999973 10.29999999999973 15.29999999999696 
1 0 1735132838.8287425 1735132920.1086628 0.3000000000000002 8.30000000000084 8.30000000000084 10.29999999999973 10.29999999999973 15.29999999999696 
1 0 1735132966.2055995 1735133040.7579856 0.3000000000000002 8.30000000000084 8.30000000000084 10.29999999999973 10.29999999999973 15.29999999999696 
1 2 1735133077.5538187 1735133157.269831 0.3000000000000002 8.30000000000084 0 0 0 0 
1 0 1735133182.282499 1735133261.2657206 0.3000000000000002 8.30000000000084 8.30000000000084 10.29999999999973 10.29999999999973 15.29999999999696 
1 2 1735133306.6029143 1735133381.201563 0.3000000000000002 8.30000000000084 0 0 0 0 
1 0 1735133401.9472647 1735133483.8506246 0.3000000000000002 8.30000000000084 8.30000000000084 10.29999999999973 10.29999999999973 15.29999999999696 
1 0 1735133531.4921865 1735133611.00588 0.3000000000000002 8.30000000000084 8.30000000000084 10.29999999999973 10.29999999999973 15.29999999999696 
1 2 1735133661.4390385 1735133740.9007163 0.3000000000000002 8.30000000000084 0 0 0 0 
1 0 1735133763.1042602 1735133839.236136 0.3000000000000002 8.30000000000084 8.30000000000084 10.29999999999973 10.29999999999973 15.29999999999696 
1 4 1735133883.7006476 1735133961.1156473 0.3000000000000002 8.30000000000084 8.30000000000084 10.29999999999973 10.29999999999973 15.29999999999696 
1 4 1735133994.2395432 1735134074.8116477 0.3000000000000002 8.30000000000084 8.30000000000084 10.29999999999973 10.29999999999973 15.29999999999696 
1 0 1735134111.139132 1735134193.9206376 0.3000000000000002 8.30000000000084 8.30000000000084 10.29999999999973 10.29999999999973 15.29999999999696 
1 0 1735134242.3899658 1735134316.2989912 0.3000000000000002 8.30000000000084 8.30000000000084 10.29999999999973 10.29999999999973 15.29999999999696 
1 0 1735134359.2958515 1735134437.1284628 0.3000000000000002 8.30000000000084 8.30000000000084 10.29999999999973 10.29999999999973 15.29999999999696 
1 0 1735134478.4092374 1735134552.4069347 0.3000000000000002 8.30000000000084 8.30000000000084 10.29999999999973 10.29999999999973 15.29999999999696 
1 4 1735134592.9216301 1735134667.6467164 0.3000000000000002 8.30000000000084 8.30000000000084 10.29999999999973 10.29999999999973 15.29999999999696 
1 0 1735134703.1094372 1735134776.3969555 0.3000000000000002 8.30000000000084 8.30000000000084 10.29999999999973 10.29999999999973 15.29999999999696 
1 0 1735134816.3194647 1735134889.9763813 0.3000000000000002 8.30000000000084 8.30000000000084 10.29999999999973 10.29999999999973 15.29999999999696 
1 0 1735134930.1239038 1735135003.4478886 0.3000000000000002 8.30000000000084 8.30000000000084 10.29999999999973 10.29999999999973 15.29999999999696 
1 4 1735135044.6899958 1735135117.840208 0.3000000000000002 8.30000000000084 8.30000000000084 10.29999999999973 10.29999999999973 15.29999999999696 
1 2 1735135151.0813053 1735135224.734426 0.3000000000000002 8.30000000000084 0 0 0 0 
1 0 1735135247.6129508 1735135320.880157 0.3000000000000002 8.30000000000084 8.30000000000084 10.29999999999973 10.29999999999973 15.29999999999696 
1 0 1735135364.7127936 1735135438.060597 0.3000000000000002 8.30000000000084 8.30000000000084 10.29999999999973 10.29999999999973 15.29999999999696 
1 0 1735135474.8429484 1735135548.5559008 0.3000000000000002 8.30000000000084 8.30000000000084 10.29999999999973 10.29999999999973 15.29999999999696 
1 0 1735135591.6622481 1735135665.9255288 0.3000000000000002 8.30000000000084 8.30000000000084 10.29999999999973 10.29999999999973 15.29999999999696 
1 4 1735135705.5172756 1735135779.5800707 0.3000000000000002 8.30000000000084 8.30000000000084 10.29999999999973 10.29999999999973 15.29999999999696 
1 0 1735135814.4443445 1735135887.8858883 0.3000000000000002 8.30000000000084 8.30000000000084 10.29999999999973 10.29999999999973 15.29999999999696 
1 2 1735135929.2179005 1735136002.3084662 0.3000000000000002 8.30000000000084 0 0 0 0 
1 0 1735136019.5731509 1735136092.152763 0.3000000000000002 8.30000000000084 8.30000000000084 10.29999999999973 10.29999999999973 15.29999999999696 
1 1 1735136132.0917127 1735136205.3569264 0 0 0 0 0 0 
1 2 1735136206.42788 1735136279.901156 0.3000000000000002 8.30000000000084 0 0 0 0 
1 0 1735136298.177015 1735136375.0156853 0.3000000000000002 8.30000000000084 8.30000000000084 10.29999999999973 10.29999999999973 15.29999999999696 
1 0 1735136413.5040193 1735136486.9891682 0.3000000000000002 8.30000000000084 8.30000000000084 10.29999999999973 10.29999999999973 15.29999999999696 
1 0 1735136521.248446 1735136594.5431964 0.3000000000000002 8.30000000000084 8.30000000000084 10.29999999999973 10.29999999999973 15.29999999999696 
1 0 1735136636.9059162 1735136710.104913 0.3000000000000002 8.30000000000084 8.30000000000084 10.29999999999973 10.29999999999973 15.29999999999696 
1 0 1735136750.439138 1735136824.0501657 0.3000000000000002 8.30000000000084 8.30000000000084 10.29999999999973 10.29999999999973 15.29999999999696 
1 0 1735136862.772169 1735136935.9517858 0.3000000000000002 8.30000000000084 8.30000000000084 10.29999999999973 10.29999999999973 15.29999999999696 
1 0 1735136975.5722923 1735137049.38597 0.3000000000000002 8.30000000000084 8.30000000000084 10.29999999999973 10.29999999999973 15.29999999999696 
1 0 1735137092.6957023 1735137166.6216435 0.3000000000000002 8.30000000000084 8.30000000000084 10.29999999999973 10.29999999999973 15.29999999999696 
1 0 1735137204.9655733 1735137277.8428044 0.3000000000000002 8.30000000000084 8.30000000000084 10.29999999999973 10.29999999999973 15.29999999999696 
1 0 1735137314.8340147 1735137388.5966725 0.3000000000000002 8.30000000000084 8.30000000000084 10.29999999999973 10.29999999999973 15.29999999999696 
1 2 1735137430.0364523 1735137503.9014478 0.3000000000000002 8.30000000000084 0 0 0 0 
1 2 1735137524.5763395 1735137598.6996443 0.3000000000000002 8.30000000000084 0 0 0 0 
1 0 1735137617.8849978 1735137692.6928947 0.3000000000000002 8.30000000000084 8.30000000000084 10.29999999999973 10.29999999999973 15.29999999999696 
1 4 1735137735.2312841 1735137809.72942 0.3000000000000002 8.30000000000084 8.30000000000084 10.29999999999973 10.29999999999973 15.29999999999696 
1 0 1735137844.0000637 1735137918.248595 0.3000000000000002 8.30000000000084 8.30000000000084 10.29999999999973 10.29999999999973 15.29999999999696 
1 0 1735137965.9175808 1735138040.4138253 0.3000000000000002 8.30000000000084 8.30000000000084 10.29999999999973 10.29999999999973 15.29999999999696 
1 0 1735138081.1823385 1735138154.462416 0.3000000000000002 8.30000000000084 8.30000000000084 10.29999999999973 10.29999999999973 15.29999999999696 
1 0 1735138207.554706 1735138281.4243877 0.3000000000000002 8.30000000000084 8.30000000000084 10.29999999999973 10.29999999999973 15.29999999999696 
1 4 1735138317.1282465 1735138391.1844404 0.3000000000000002 8.30000000000084 8.30000000000084 10.29999999999973 10.29999999999973 15.29999999999696 
1 0 1735138428.021541 1735138501.9746585 0.3000000000000002 8.30000000000084 8.30000000000084 10.29999999999973 10.29999999999973 15.29999999999696 
1 0 1735138541.5699809 1735138615.1265657 0.3000000000000002 8.30000000000084 8.30000000000084 10.29999999999973 10.29999999999973 15.29999999999696 
1 0 1735138657.6676984 1735138733.2894082 0.3000000000000002 8.30000000000084 8.30000000000084 10.29999999999973 10.29999999999973 15.29999999999696 
1 0 1735138776.0154588 1735138850.0303276 0.3000000000000002 8.30000000000084 8.30000000000084 10.29999999999973 10.29999999999973 15.29999999999696 
1 0 1735138893.476911 1735138967.511726 0.3000000000000002 8.30000000000084 8.30000000000084 10.29999999999973 10.29999999999973 15.29999999999696 
1 0 1735139008.2355738 1735139082.4585757 0.3000000000000002 8.30000000000084 8.30000000000084 10.29999999999973 10.29999999999973 15.29999999999696 
1 0 1735139127.401374 1735139202.891484 0.3000000000000002 8.30000000000084 8.30000000000084 10.29999999999973 10.29999999999973 15.29999999999696 
1 0 1735139245.1088214 1735139319.399716 0.3000000000000002 8.30000000000084 8.30000000000084 10.29999999999973 10.29999999999973 15.29999999999696 
1 0 1735139360.9551759 1735139434.890226 0.3000000000000002 8.30000000000084 8.30000000000084 10.29999999999973 10.29999999999973 15.29999999999696 
1 0 1735139477.146755 1735139551.2009747 0.3000000000000002 8.30000000000084 8.30000000000084 10.29999999999973 10.29999999999973 15.29999999999696 
1 2 1735139592.5715678 1735139666.7149167 0.3000000000000002 8.30000000000084 0 0 0 0 
1 4 1735139688.9670415 1735139762.2808418 0.3000000000000002 8.30000000000084 8.30000000000084 10.29999999999973 10.29999999999973 15.29999999999696 
1 0 1735139794.0288997 1735139867.4037507 0.3000000000000002 8.30000000000084 8.30000000000084 10.29999999999973 10.29999999999973 15.29999999999696 
1 2 1735139909.2892559 1735139982.8014913 0.3000000000000002 8.30000000000084 0 0 0 0 
2 0 1735140005.2211173 1735140078.4437437 0.3000000000000002 8.30000000000084 8.30000000000084 10.29999999999973 10.29999999999973 15.29999999999696 
2 0 1735140123.321853 1735140197.3588033 0.3000000000000002 8.30000000000084 8.30000000000084 10.29999999999973 10.29999999999973 15.29999999999696 
2 3 1735140244.5643613 1735140317.8880036 0.3000000000000002 8.30000000000084 8.30000000000084 10.29999999999973 0 0 
2 3 1735140344.3168101 1735140417.3482878 0.3000000000000002 8.30000000000084 8.30000000000084 10.29999999999973 0 0 
2 0 1735140441.5783715 1735140514.9695542 0.3000000000000002 8.30000000000084 8.30000000000084 10.29999999999973 10.29999999999973 15.29999999999696 
2 3 1735140558.9302378 1735140632.0496469 0.3000000000000002 8.30000000000084 8.30000000000084 10.29999999999973 0 0 
2 3 1735140658.9694822 1735140732.6359928 0.3000000000000002 8.30000000000084 8.30000000000084 10.29999999999973 0 0 
2 0 1735140759.493337 1735140832.6492949 0.3000000000000002 8.30000000000084 8.30000000000084 10.29999999999973 10.29999999999973 15.29999999999696 
2 2 1735140873.8502655 1735140947.7917182 0.3000000000000002 8.30000000000084 0 0 0 0 
2 3 1735140967.7245412 1735141043.35724 0.3000000000000002 8.30000000000084 8.30000000000084 10.29999999999973 0 0 
2 0 1735141069.5284452 1735141143.09307 0.3000000000000002 8.30000000000084 8.30000000000084 10.29999999999973 10.29999999999973 15.29999999999696 
2 3 1735141187.485196 1735141260.8877609 0.3000000000000002 8.30000000000084 8.30000000000084 10.29999999999973 0 0 
2 0 1735141282.6992846 1735141356.729879 0.3000000000000002 8.30000000000084 8.30000000000084 10.29999999999973 10.29999999999973 15.29999999999696 
2 0 1735141404.0354862 1735141477.878172 0.3000000000000002 8.30000000000084 8.30000000000084 10.29999999999973 10.29999999999973 15.29999999999696 
2 0 1735141521.6630657 1735141595.9500947 0.3000000000000002 8.30000000000084 8.30000000000084 10.29999999999973 10.29999999999973 15.29999999999696 
2 0 1735141641.2518353 1735141714.4069827 0.3000000000000002 8.30000000000084 8.30000000000084 10.29999999999973 10.29999999999973 15.29999999999696 
2 3 1735141758.170333 1735141831.9196155 0.3000000000000002 8.30000000000084 8.30000000000084 10.29999999999973 0 0 
2 0 1735141857.4602604 1735141931.2986891 0.3000000000000002 8.30000000000084 8.30000000000084 10.29999999999973 10.29999999999973 15.29999999999696 
2 3 1735141976.0321665 1735142049.787385 0.3000000000000002 8.30000000000084 8.30000000000084 10.29999999999973 0 0 
2 3 1735142079.6075287 1735142153.2811036 0.3000000000000002 8.30000000000084 8.30000000000084 10.29999999999973 0 0 
2 2 1735142178.7876418 1735142252.2580118 0.3000000000000002 8.30000000000084 0 0 0 0 
2 3 1735142272.2555354 1735142345.9993796 0.3000000000000002 8.30000000000084 8.30000000000084 10.29999999999973 0 0 
2 0 1735142372.6619205 1735142446.5259027 0.3000000000000002 8.30000000000084 8.30000000000084 10.29999999999973 10.29999999999973 15.29999999999696 
2 0 1735142492.7579162 1735142565.9203284 0.3000000000000002 8.30000000000084 8.30000000000084 10.29999999999973 10.29999999999973 15.29999999999696 
2 3 1735142609.6305835 1735142682.9764478 0.3000000000000002 8.30000000000084 8.30000000000084 10.29999999999973 0 0 
2 0 1735142708.3498185 1735142782.0374293 0.3000000000000002 8.30000000000084 8.30000000000084 10.29999999999973 10.29999999999973 15.29999999999696 
2 3 1735142828.4163 1735142902.7638857 0.3000000000000002 8.30000000000084 8.30000000000084 10.29999999999973 0 0 
2 0 1735142930.1154401 1735143004.123576 0.3000000000000002 8.30000000000084 8.30000000000084 10.29999999999973 10.29999999999973 15.29999999999696 
2 0 1735143044.6154387 1735143118.8264449 0.3000000000000002 8.30000000000084 8.30000000000084 10.29999999999973 10.29999999999973 15.29999999999696 
2 3 1735143163.89963 1735143237.689617 0.3000000000000002 8.30000000000084 8.30000000000084 10.29999999999973 0 0 
2 0 1735143268.07072 1735143342.0047307 0.3000000000000002 8.30000000000084 8.30000000000084 10.29999999999973 10.29999999999973 15.29999999999696 
2 3 1735143386.4141545 1735143459.9012022 0.3000000000000002 8.30000000000084 8.30000000000084 10.29999999999973 0 0 
2 3 1735143485.5418541 1735143558.8867958 0.3000000000000002 8.30000000000084 8.30000000000084 10.29999999999973 0 0 
2 3 1735143586.7444904 1735143660.6636558 0.3000000000000002 8.30000000000084 8.30000000000084 10.29999999999973 0 0 
2 3 1735143689.0718887 1735143762.3533778 0.3000000000000002 8.30000000000084 8.30000000000084 10.29999999999973 0 0 
2 0 1735143790.228001 1735143864.5939038 0.3000000000000002 8.30000000000084 8.30000000000084 10.29999999999973 10.29999999999973 15.29999999999696 
2 3 1735143908.3664758 1735143982.0561686 0.3000000000000002 8.30000000000084 8.30000000000084 10.29999999999973 0 0 
2 0 1735144006.912675 1735144080.4421878 0.3000000000000002 8.30000000000084 8.30000000000084 10.29999999999973 10.29999999999973 15.29999999999696 
2 2 1735144120.5630007 1735144194.5662875 0.3000000000000002 8.30000000000084 0 0 0 0 
2 0 1735144213.457026 1735144291.136875 0.3000000000000002 8.30000000000084 8.30000000000084 10.29999999999973 10.29999999999973 15.29999999999696 
2 3 1735144343.7567558 1735144417.5644772 0.3000000000000002 8.30000000000084 8.30000000000084 10.29999999999973 0 0 
2 3 1735144444.9301925 1735144519.0184605 0.3000000000000002 8.30000000000084 8.30000000000084 10.29999999999973 0 0 
2 0 1735144545.655515 1735144621.0758731 0.3000000000000002 8.30000000000084 8.30000000000084 10.29999999999973 10.29999999999973 15.29999999999696 
2 0 1735144664.0611606 1735144737.607391 0.3000000000000002 8.30000000000084 8.30000000000084 10.29999999999973 10.29999999999973 15.29999999999696 
2 3 1735144780.51088 1735144853.917286 0.3000000000000002 8.30000000000084 8.30000000000084 10.29999999999973 0 0 
2 3 1735144877.5331311 1735144951.3628726 0.3000000000000002 8.30000000000084 8.30000000000084 10.29999999999973 0 0 
2 3 1735144980.1917071 1735145053.4677145 0.3000000000000002 8.30000000000084 8.30000000000084 10.29999999999973 0 0 
2 3 1735145078.2846756 1735145152.232127 0.3000000000000002 8.30000000000084 8.30000000000084 10.29999999999973 0 0 
2 3 1735145182.6123934 1735145256.5530632 0.3000000000000002 8.30000000000084 8.30000000000084 10.29999999999973 0 0 
2 0 1735145285.3116925 1735145358.3075507 0.3000000000000002 8.30000000000084 8.30000000000084 10.29999999999973 10.29999999999973 15.29999999999696 
2 2 1735145403.566945 1735145476.8402767 0.3000000000000002 8.30000000000084 0 0 0 0 
2 3 1735145495.836994 1735145569.992567 0.3000000000000002 8.30000000000084 8.30000000000084 10.29999999999973 0 0 
2 3 1735145594.5483441 1735145668.3151925 0.3000000000000002 8.30000000000084 8.30000000000084 10.29999999999973 0 0 
2 0 1735145696.9917986 1735145770.0654483 0.3000000000000002 8.30000000000084 8.30000000000084 10.29999999999973 10.29999999999973 15.29999999999696 
2 3 1735145812.586924 1735145886.0376425 0.3000000000000002 8.30000000000084 8.30000000000084 10.29999999999973 0 0 
2 3 1735145911.7730706 1735145985.383296 0.3000000000000002 8.30000000000084 8.30000000000084 10.29999999999973 0 0 
2 0 1735146009.6257946 1735146083.1684759 0.3000000000000002 8.30000000000084 8.30000000000084 10.29999999999973 10.29999999999973 15.29999999999696 
2 2 1735146130.510469 1735146204.437475 0.3000000000000002 8.30000000000084 0 0 0 0 
2 0 1735146226.414672 1735146299.8057022 0.3000000000000002 8.30000000000084 8.30000000000084 10.29999999999973 10.29999999999973 15.29999999999696 
2 3 1735146341.1160293 1735146414.0018263 0.3000000000000002 8.30000000000084 8.30000000000084 10.29999999999973 0 0 
2 0 1735146439.0863755 1735146513.301295 0.3000000000000002 8.30000000000084 8.30000000000084 10.29999999999973 10.29999999999973 15.29999999999696 
2 3 1735146558.780711 1735146632.0686285 0.3000000000000002 8.30000000000084 8.30000000000084 10.29999999999973 0 0 
2 4 1735146658.7678373 1735146731.7486682 0.3000000000000002 8.30000000000084 8.30000000000084 10.29999999999973 10.29999999999973 15.29999999999696 
2 3 1735146768.1223617 1735146841.8119352 0.3000000000000002 8.30000000000084 8.30000000000084 10.29999999999973 0 0 
2 3 1735146868.5792887 1735146941.2501268 0.3000000000000002 8.30000000000084 8.30000000000084 10.29999999999973 0 0 
2 3 1735146968.7957435 1735147041.6105072 0.3000000000000002 8.30000000000084 8.30000000000084 10.29999999999973 0 0 
2 3 1735147067.6392725 1735147141.3301086 0.3000000000000002 8.30000000000084 8.30000000000084 10.29999999999973 0 0 
2 3 1735147164.9249432 1735147238.827611 0.3000000000000002 8.30000000000084 8.30000000000084 10.29999999999973 0 0 
2 3 1735147265.1755722 1735147338.050575 0.3000000000000002 8.30000000000084 8.30000000000084 10.29999999999973 0 0 
2 3 1735147358.7885642 1735147432.624578 0.3000000000000002 8.30000000000084 8.30000000000084 10.29999999999973 0 0 
2 0 1735147461.2057064 1735147535.4505296 0.3000000000000002 8.30000000000084 8.30000000000084 10.29999999999973 10.29999999999973 15.29999999999696 
2 3 1735147574.6722517 1735147647.799097 0.3000000000000002 8.30000000000084 8.30000000000084 10.29999999999973 0 0 
2 0 1735147674.3897245 1735147747.2132344 0.3000000000000002 8.30000000000084 8.30000000000084 10.29999999999973 10.29999999999973 15.29999999999696 
2 3 1735147789.6874166 1735147862.3563464 0.3000000000000002 8.30000000000084 8.30000000000084 10.29999999999973 0 0 
2 0 1735147885.0698757 1735147958.1324258 0.3000000000000002 8.30000000000084 8.30000000000084 10.29999999999973 10.29999999999973 15.29999999999696 
2 0 1735148003.060433 1735148075.9593618 0.3000000000000002 8.30000000000084 8.30000000000084 10.29999999999973 10.29999999999973 15.29999999999696 
2 0 1735148116.3267782 1735148189.260835 0.3000000000000002 8.30000000000084 8.30000000000084 10.29999999999973 10.29999999999973 15.29999999999696 
2 3 1735148230.957601 1735148304.6640823 0.3000000000000002 8.30000000000084 8.30000000000084 10.29999999999973 0 0 
2 0 1735148333.0094905 1735148405.3200297 0.3000000000000002 8.30000000000084 8.30000000000084 10.29999999999973 10.29999999999973 15.29999999999696 
2 3 1735148444.5984259 1735148518.8530052 0.3000000000000002 8.30000000000084 8.30000000000084 10.29999999999973 0 0 
2 3 1735148547.7051942 1735148620.609067 0.3000000000000002 8.30000000000084 8.30000000000084 10.29999999999973 0 0 
2 3 1735148645.4354491 1735148720.6913295 0.3000000000000002 8.30000000000084 8.30000000000084 10.29999999999973 0 0 
2 0 1735148743.3806477 1735148816.509711 0.3000000000000002 8.30000000000084 8.30000000000084 10.29999999999973 10.29999999999973 15.29999999999696 
2 2 1735148862.6335187 1735148935.903181 0.3000000000000002 8.30000000000084 0 0 0 0 
2 3 1735148955.294675 1735149028.5843518 0.3000000000000002 8.30000000000084 8.30000000000084 10.29999999999973 0 0 
2 0 1735149054.744163 1735149127.8704622 0.3000000000000002 8.30000000000084 8.30000000000084 10.29999999999973 10.29999999999973 15.29999999999696 
2 2 1735149170.0074902 1735149243.4241552 0.3000000000000002 8.30000000000084 0 0 0 0 
2 3 1735149263.8056781 1735149336.9180615 0.3000000000000002 8.30000000000084 8.30000000000084 10.29999999999973 0 0 
2 3 1735149362.4750214 1735149435.6379647 0.3000000000000002 8.30000000000084 8.30000000000084 10.29999999999973 0 0 
2 2 1735149460.1195805 1735149533.171841 0.3000000000000002 8.30000000000084 0 0 0 0 
2 0 1735149550.6832929 1735149623.6400454 0.3000000000000002 8.30000000000084 8.30000000000084 10.29999999999973 10.29999999999973 15.29999999999696 
2 3 1735149666.2855134 1735149739.3743436 0.3000000000000002 8.30000000000084 8.30000000000084 10.29999999999973 0 0 
2 0 1735149766.5499592 1735149839.6448815 0.3000000000000002 8.30000000000084 8.30000000000084 10.29999999999973 10.29999999999973 15.29999999999696 
2 3 1735149885.800986 1735149958.959253 0.3000000000000002 8.30000000000084 8.30000000000084 10.29999999999973 0 0 
2 3 1735149983.9444525 1735150056.0594227 0.3000000000000002 8.30000000000084 8.30000000000084 10.29999999999973 0 0 
2 3 1735150080.9596543 1735150153.705549 0.3000000000000002 8.30000000000084 8.30000000000084 10.29999999999973 0 0 
2 0 1735150179.2208395 1735150252.818925 0.3000000000000002 8.30000000000084 8.30000000000084 10.29999999999973 10.29999999999973 15.29999999999696 
2 0 1735150294.5893793 1735150367.1673043 0.3000000000000002 8.30000000000084 8.30000000000084 10.29999999999973 10.29999999999973 15.29999999999696 
2 3 1735150407.4195366 1735150480.5253723 0.3000000000000002 8.30000000000084 8.30000000000084 10.29999999999973 0 0 
2 3 1735150507.0972488 1735150579.6915307 0.3000000000000002 8.30000000000084 8.30000000000084 10.29999999999973 0 0 
3 3 1735150603.2489283 1735150676.6506307 0.3000000000000002 8.30000000000084 8.30000000000084 10.29999999999973 0 0 
3 3 1735150701.9918685 1735150775.6397097 0.3000000000000002 8.30000000000084 8.30000000000084 10.29999999999973 0 0 
3 3 1735150799.9245112 1735150873.0585146 0.3000000000000002 8.30000000000084 8.30000000000084 10.29999999999973 0 0 
3 3 1735150900.684242 1735150973.911903 0.3000000000000002 8.30000000000084 8.30000000000084 10.29999999999973 0 0 
3 0 1735150999.7451148 1735151073.5985858 0.3000000000000002 8.30000000000084 8.30000000000084 10.29999999999973 10.29999999999973 15.29999999999696 
3 0 1735151113.7713137 1735151186.8299549 0.3000000000000002 8.30000000000084 8.30000000000084 10.29999999999973 10.29999999999973 15.29999999999696 
3 3 1735151226.9839954 1735151300.198116 0.3000000000000002 8.30000000000084 8.30000000000084 10.29999999999973 0 0 
3 0 1735151324.2202024 1735151397.964983 0.3000000000000002 8.30000000000084 8.30000000000084 10.29999999999973 10.29999999999973 15.29999999999696 
3 3 1735151439.5748549 1735151512.04202 0.3000000000000002 8.30000000000084 8.30000000000084 10.29999999999973 0 0 
3 3 1735151532.1294417 1735151605.1696138 0.3000000000000002 8.30000000000084 8.30000000000084 10.29999999999973 0 0 
3 3 1735151631.6025095 1735151704.7990139 0.3000000000000002 8.30000000000084 8.30000000000084 10.29999999999973 0 0 
3 3 1735151731.2229683 1735151805.060173 0.3000000000000002 8.30000000000084 8.30000000000084 10.29999999999973 0 0 
3 0 1735151829.3004813 1735151903.213966 0.3000000000000002 8.30000000000084 8.30000000000084 10.29999999999973 10.29999999999973 15.29999999999696 
3 0 1735151942.8317807 1735152016.2886086 0.3000000000000002 8.30000000000084 8.30000000000084 10.29999999999973 10.29999999999973 15.29999999999696 
3 3 1735152058.5774019 1735152131.8294234 0.3000000000000002 8.30000000000084 8.30000000000084 10.29999999999973 0 0 
3 3 1735152160.549755 1735152234.2621028 0.3000000000000002 8.30000000000084 8.30000000000084 10.29999999999973 0 0 
3 0 1735152261.1312535 1735152333.4161532 0.3000000000000002 8.30000000000084 8.30000000000084 10.29999999999973 10.29999999999973 15.29999999999696 
3 3 1735152371.7757077 1735152447.880235 0.3000000000000002 8.30000000000084 8.30000000000084 10.29999999999973 0 0 
3 0 1735152475.9717731 1735152549.8532207 0.3000000000000002 8.30000000000084 8.30000000000084 10.29999999999973 10.29999999999973 15.29999999999696 
3 3 1735152592.203567 1735152665.7366822 0.3000000000000002 8.30000000000084 8.30000000000084 10.29999999999973 0 0 
3 0 1735152690.0890694 1735152763.0975187 0.3000000000000002 8.30000000000084 8.30000000000084 10.29999999999973 10.29999999999973 15.29999999999696 
3 3 1735152803.0855174 1735152876.64529 0.3000000000000002 8.30000000000084 8.30000000000084 10.29999999999973 0 0 
3 0 1735152905.2329226 1735152977.943147 0.3000000000000002 8.30000000000084 8.30000000000084 10.29999999999973 10.29999999999973 15.29999999999696 
3 3 1735153019.12424 1735153092.082016 0.3000000000000002 8.30000000000084 8.30000000000084 10.29999999999973 0 0 
3 0 1735153115.3795745 1735153188.5348382 0.3000000000000002 8.30000000000084 8.30000000000084 10.29999999999973 10.29999999999973 15.29999999999696 
3 0 1735153232.1005578 1735153305.4721475 0.3000000000000002 8.30000000000084 8.30000000000084 10.29999999999973 10.29999999999973 15.29999999999696 
3 0 1735153345.4434032 1735153419.0195289 0.3000000000000002 8.30000000000084 8.30000000000084 10.29999999999973 10.29999999999973 15.29999999999696 
3 0 1735153461.6214526 1735153534.730621 0.3000000000000002 8.30000000000084 8.30000000000084 10.29999999999973 10.29999999999973 15.29999999999696 
3 3 1735153576.3469317 1735153650.4536629 0.3000000000000002 8.30000000000084 8.30000000000084 10.29999999999973 0 0 
3 3 1735153676.4511652 1735153749.950175 0.3000000000000002 8.30000000000084 8.30000000000084 10.29999999999973 0 0 
3 3 1735153776.7158115 1735153849.969683 0.3000000000000002 8.30000000000084 8.30000000000084 10.29999999999973 0 0 
3 3 1735153875.5411775 1735153949.203167 0.3000000000000002 8.30000000000084 8.30000000000084 10.29999999999973 0 0 
3 3 1735153975.8776212 1735154049.5166814 0.3000000000000002 8.30000000000084 8.30000000000084 10.29999999999973 0 0 
3 3 1735154074.9726915 1735154147.9980707 0.3000000000000002 8.30000000000084 8.30000000000084 10.29999999999973 0 0 
3 3 1735154171.3780503 1735154244.793431 0.3000000000000002 8.30000000000084 8.30000000000084 10.29999999999973 0 0 
3 3 1735154266.5287716 1735154340.362313 0.3000000000000002 8.30000000000084 8.30000000000084 10.29999999999973 0 0 
3 3 1735154365.3179002 1735154438.7827606 0.3000000000000002 8.30000000000084 8.30000000000084 10.29999999999973 0 0 
3 3 1735154461.996816 1735154536.4098005 0.3000000000000002 8.30000000000084 8.30000000000084 10.29999999999973 0 0 
3 3 1735154562.603686 1735154636.1454332 0.3000000000000002 8.30000000000084 8.30000000000084 10.29999999999973 0 0 
3 3 1735154661.442146 1735154735.1219914 0.3000000000000002 8.30000000000084 8.30000000000084 10.29999999999973 0 0 
3 0 1735154759.3609273 1735154833.016642 0.3000000000000002 8.30000000000084 8.30000000000084 10.29999999999973 10.29999999999973 15.29999999999696 
3 4 1735154874.746492 1735154952.627014 0.3000000000000002 8.30000000000084 8.30000000000084 10.29999999999973 10.29999999999973 15.29999999999696 
3 0 1735154989.3909948 1735155062.9062111 0.3000000000000002 8.30000000000084 8.30000000000084 10.29999999999973 10.29999999999973 15.29999999999696 
3 3 1735155108.330862 1735155181.9592154 0.3000000000000002 8.30000000000084 8.30000000000084 10.29999999999973 0 0 
3 0 1735155206.2451055 1735155279.7555218 0.3000000000000002 8.30000000000084 8.30000000000084 10.29999999999973 10.29999999999973 15.29999999999696 
3 0 1735155324.1307187 1735155397.2246623 0.3000000000000002 8.30000000000084 8.30000000000084 10.29999999999973 10.29999999999973 15.29999999999696 
3 0 1735155438.8083553 1735155512.2543159 0.3000000000000002 8.30000000000084 8.30000000000084 10.29999999999973 10.29999999999973 15.29999999999696 
3 3 1735155555.6616378 1735155628.876165 0.3000000000000002 8.30000000000084 8.30000000000084 10.29999999999973 0 0 
3 0 1735155653.6684043 1735155726.771214 0.3000000000000002 8.30000000000084 8.30000000000084 10.29999999999973 10.29999999999973 15.29999999999696 
3 4 1735155771.7296662 1735155845.1601756 0.3000000000000002 8.30000000000084 8.30000000000084 10.29999999999973 10.29999999999973 15.29999999999696 
3 0 1735155878.2408197 1735155952.8672953 0.3000000000000002 8.30000000000084 8.30000000000084 10.29999999999973 10.29999999999973 15.29999999999696 
3 0 1735155997.4792373 1735156072.0485826 0.3000000000000002 8.30000000000084 8.30000000000084 10.29999999999973 10.29999999999973 15.29999999999696 
3 3 1735156112.5448623 1735156186.3477397 0.3000000000000002 8.30000000000084 8.30000000000084 10.29999999999973 0 0 
3 0 1735156211.757736 1735156285.8118393 0.3000000000000002 8.30000000000084 8.30000000000084 10.29999999999973 10.29999999999973 15.29999999999696 
3 3 1735156332.0751214 1735156405.237225 0.3000000000000002 8.30000000000084 8.30000000000084 10.29999999999973 0 0 
3 0 1735156429.6858685 1735156503.1119344 0.3000000000000002 8.30000000000084 8.30000000000084 10.29999999999973 10.29999999999973 15.29999999999696 
3 3 1735156541.2804406 1735156614.065013 0.3000000000000002 8.30000000000084 8.30000000000084 10.29999999999973 0 0 
3 0 1735156640.5224707 1735156714.2797782 0.3000000000000002 8.30000000000084 8.30000000000084 10.29999999999973 10.29999999999973 15.29999999999696 
3 0 1735156759.2240734 1735156832.7508137 0.3000000000000002 8.30000000000084 8.30000000000084 10.29999999999973 10.29999999999973 15.29999999999696 
3 0 1735156875.1256118 1735156948.12192 0.3000000000000002 8.30000000000084 8.30000000000084 10.29999999999973 10.29999999999973 15.29999999999696 
3 3 1735156990.6765327 1735157064.1207821 0.3000000000000002 8.30000000000084 8.30000000000084 10.29999999999973 0 0 
3 3 1735157089.3968234 1735157162.875495 0.3000000000000002 8.30000000000084 8.30000000000084 10.29999999999973 0 0 
3 3 1735157187.1579602 1735157260.3906841 0.3000000000000002 8.30000000000084 8.30000000000084 10.29999999999973 0 0 
3 0 1735157281.5131898 1735157355.2352462 0.3000000000000002 8.30000000000084 8.30000000000084 10.29999999999973 10.29999999999973 15.29999999999696 
3 3 1735157400.5021164 1735157474.1956966 0.3000000000000002 8.30000000000084 8.30000000000084 10.29999999999973 0 0 
3 3 1735157500.7414968 1735157573.9101381 0.3000000000000002 8.30000000000084 8.30000000000084 10.29999999999973 0 0 
3 0 1735157598.4523835 1735157672.0418413 0.3000000000000002 8.30000000000084 8.30000000000084 10.29999999999973 10.29999999999973 15.29999999999696 
3 0 1735157711.429161 1735157784.9127746 0.3000000000000002 8.30000000000084 8.30000000000084 10.29999999999973 10.29999999999973 15.29999999999696 
3 0 1735157828.0967221 1735157901.6492634 0.3000000000000002 8.30000000000084 8.30000000000084 10.29999999999973 10.29999999999973 15.29999999999696 
3 0 1735157947.3401668 1735158021.097685 0.3000000000000002 8.30000000000084 8.30000000000084 10.29999999999973 10.29999999999973 15.29999999999696 
3 3 1735158065.2040458 1735158139.4815457 0.3000000000000002 8.30000000000084 8.30000000000084 10.29999999999973 0 0 
3 0 1735158167.1522596 1735158240.457217 0.3000000000000002 8.30000000000084 8.30000000000084 10.29999999999973 10.29999999999973 15.29999999999696 
3 0 1735158280.1775 1735158353.289969 0.3000000000000002 8.30000000000084 8.30000000000084 10.29999999999973 10.29999999999973 15.29999999999696 
3 3 1735158397.6760292 1735158470.779743 0.3000000000000002 8.30000000000084 8.30000000000084 10.29999999999973 0 0 
3 3 1735158497.5802696 1735158570.5904624 0.3000000000000002 8.30000000000084 8.30000000000084 10.29999999999973 0 0 
3 3 1735158593.6450894 1735158667.3143916 0.3000000000000002 8.30000000000084 8.30000000000084 10.29999999999973 0 0 
3 4 1735158690.7333877 1735158764.6386843 0.3000000000000002 8.30000000000084 8.30000000000084 10.29999999999973 10.29999999999973 15.29999999999696 
3 0 1735158799.675466 1735158872.720886 0.3000000000000002 8.30000000000084 8.30000000000084 10.29999999999973 10.29999999999973 15.29999999999696 
3 3 1735158911.235992 1735158984.504996 0.3000000000000002 8.30000000000084 8.30000000000084 10.29999999999973 0 0 
3 0 1735159010.170275 1735159083.7834897 0.3000000000000002 8.30000000000084 8.30000000000084 10.29999999999973 10.29999999999973 15.29999999999696 
3 0 1735159126.0453587 1735159199.798736 0.3000000000000002 8.30000000000084 8.30000000000084 10.29999999999973 10.29999999999973 15.29999999999696 
3 3 1735159239.8263357 1735159312.855407 0.3000000000000002 8.30000000000084 8.30000000000084 10.29999999999973 0 0 
3 3 1735159336.8106148 1735159414.709226 0.3000000000000002 8.30000000000084 8.30000000000084 10.29999999999973 0 0 
3 3 1735159442.430043 1735159515.6907203 0.3000000000000002 8.30000000000084 8.30000000000084 10.29999999999973 0 0 
3 0 1735159541.7827675 1735159614.9299562 0.3000000000000002 8.30000000000084 8.30000000000084 10.29999999999973 10.29999999999973 15.29999999999696 
3 0 1735159653.9834096 1735159726.4292018 0.3000000000000002 8.30000000000084 8.30000000000084 10.29999999999973 10.29999999999973 15.29999999999696 
3 3 1735159770.922174 1735159843.4777071 0.3000000000000002 8.30000000000084 8.30000000000084 10.29999999999973 0 0 
3 3 1735159866.884278 1735159940.382574 0.3000000000000002 8.30000000000084 8.30000000000084 10.29999999999973 0 0 
3 0 1735159967.1392 1735160043.7623272 0.3000000000000002 8.30000000000084 8.30000000000084 10.29999999999973 10.29999999999973 15.29999999999696 
3 3 1735160087.700652 1735160161.0817235 0.3000000000000002 8.30000000000084 8.30000000000084 10.29999999999973 0 0 
3 0 1735160186.439097 1735160259.1572232 0.3000000000000002 8.30000000000084 8.30000000000084 10.29999999999973 10.29999999999973 15.29999999999696 
3 0 1735160298.9430215 1735160371.991856 0.3000000000000002 8.30000000000084 8.30000000000084 10.29999999999973 10.29999999999973 15.29999999999696 
3 3 1735160413.748216 1735160486.162503 0.3000000000000002 8.30000000000084 8.30000000000084 10.29999999999973 0 0 
3 0 1735160508.9661443 1735160581.313281 0.3000000000000002 8.30000000000084 8.30000000000084 10.29999999999973 10.29999999999973 15.29999999999696 
3 3 1735160619.6197617 1735160692.7140648 0.3000000000000002 8.30000000000084 8.30000000000084 10.29999999999973 0 0 
3 2 1735160715.994404 1735160789.10957 0.3000000000000002 8.30000000000084 0 0 0 0 
3 0 1735160806.8486009 1735160880.3266597 0.3000000000000002 8.30000000000084 8.30000000000084 10.29999999999973 10.29999999999973 15.29999999999696 
3 3 1735160920.6067355 1735160993.9314852 0.3000000000000002 8.30000000000084 8.30000000000084 10.29999999999973 0 0 
3 3 1735161015.0882862 1735161088.5551136 0.3000000000000002 8.30000000000084 8.30000000000084 10.29999999999973 0 0 
3 0 1735161112.7975101 1735161187.0736842 0.3000000000000002 8.30000000000084 8.30000000000084 10.29999999999973 10.29999999999973 15.29999999999696 
4 3 1735161229.2272727 1735161302.3806324 0.3000000000000002 8.30000000000084 8.30000000000084 10.29999999999973 0 0 
4 0 1735161328.1815817 1735161401.2873156 0.3000000000000002 8.30000000000084 8.30000000000084 10.29999999999973 10.29999999999973 15.29999999999696 
4 3 1735161439.198251 1735161513.9587498 0.3000000000000002 8.30000000000084 8.30000000000084 10.29999999999973 0 0 
4 3 1735161540.3665493 1735161613.7377174 0.3000000000000002 8.30000000000084 8.30000000000084 10.29999999999973 0 0 
4 3 1735161638.2508602 1735161710.9925165 0.3000000000000002 8.30000000000084 8.30000000000084 10.29999999999973 0 0 
4 3 1735161734.0838175 1735161806.876821 0.3000000000000002 8.30000000000084 8.30000000000084 10.29999999999973 0 0 
4 3 1735161834.9643164 1735161907.975151 0.3000000000000002 8.30000000000084 8.30000000000084 10.29999999999973 0 0 
4 0 1735161933.4025848 1735162006.290157 0.3000000000000002 8.30000000000084 8.30000000000084 10.29999999999973 10.29999999999973 15.29999999999696 
4 3 1735162046.1414645 1735162118.83993 0.3000000000000002 8.30000000000084 8.30000000000084 10.29999999999973 0 0 
4 3 1735162144.4252772 1735162217.6496525 0.3000000000000002 8.30000000000084 8.30000000000084 10.29999999999973 0 0 
4 0 1735162244.5313356 1735162317.284383 0.3000000000000002 8.30000000000084 8.30000000000084 10.29999999999973 10.29999999999973 15.29999999999696 
4 3 1735162357.9494472 1735162431.225067 0.3000000000000002 8.30000000000084 8.30000000000084 10.29999999999973 0 0 
4 3 1735162456.424253 1735162531.0347917 0.3000000000000002 8.30000000000084 8.30000000000084 10.29999999999973 0 0 
4 3 1735162558.150377 1735162631.6098528 0.3000000000000002 8.30000000000084 8.30000000000084 10.29999999999973 0 0 
4 3 1735162660.4249668 1735162734.006201 0.3000000000000002 8.30000000000084 8.30000000000084 10.29999999999973 0 0 
4 3 1735162761.2240822 1735162834.2179625 0.3000000000000002 8.30000000000084 8.30000000000084 10.29999999999973 0 0 
4 3 1735162860.7643385 1735162933.5103855 0.3000000000000002 8.30000000000084 8.30000000000084 10.29999999999973 0 0 
4 3 1735162958.5274794 1735163031.2019877 0.3000000000000002 8.30000000000084 8.30000000000084 10.29999999999973 0 0 
4 3 1735163055.7164245 1735163128.4772112 0.3000000000000002 8.30000000000084 8.30000000000084 10.29999999999973 0 0 
4 3 1735163151.9545648 1735163224.969884 0.3000000000000002 8.30000000000084 8.30000000000084 10.29999999999973 0 0 
4 4 1735163249.5908697 1735163322.7245228 0.3000000000000002 8.30000000000084 8.30000000000084 10.29999999999973 10.29999999999973 15.29999999999696 
4 3 1735163361.737373 1735163435.5902908 0.3000000000000002 8.30000000000084 8.30000000000084 10.29999999999973 0 0 
4 0 1735163459.4588897 1735163532.999683 0.3000000000000002 8.30000000000084 8.30000000000084 10.29999999999973 10.29999999999973 15.29999999999696 
4 0 1735163572.9008505 1735163646.5152571 0.3000000000000002 8.30000000000084 8.30000000000084 10.29999999999973 10.29999999999973 15.29999999999696 
4 3 1735163689.8682303 1735163763.2343297 0.3000000000000002 8.30000000000084 8.30000000000084 10.29999999999973 0 0 
4 0 1735163787.9546392 1735163861.4575863 0.3000000000000002 8.30000000000084 8.30000000000084 10.29999999999973 10.29999999999973 15.29999999999696 
4 3 1735163903.5953107 1735163977.004814 0.3000000000000002 8.30000000000084 8.30000000000084 10.29999999999973 0 0 
4 3 1735164002.0299625 1735164074.8697002 0.3000000000000002 8.30000000000084 8.30000000000084 10.29999999999973 0 0 
4 3 1735164099.2376568 1735164172.094278 0.3000000000000002 8.30000000000084 8.30000000000084 10.29999999999973 0 0 
4 3 1735164196.2192383 1735164269.5307467 0.3000000000000002 8.30000000000084 8.30000000000084 10.29999999999973 0 0 
4 4 1735164294.7616444 1735164367.095104 0.3000000000000002 8.30000000000084 8.30000000000084 10.29999999999973 10.29999999999973 15.29999999999696 
4 0 1735164402.4846156 1735164476.0984006 0.3000000000000002 8.30000000000084 8.30000000000084 10.29999999999973 10.29999999999973 15.29999999999696 
4 0 1735164515.1681666 1735164588.386528 0.3000000000000002 8.30000000000084 8.30000000000084 10.29999999999973 10.29999999999973 15.29999999999696 
4 3 1735164632.5645275 1735164705.9911575 0.3000000000000002 8.30000000000084 8.30000000000084 10.29999999999973 0 0 
4 0 1735164731.2153172 1735164804.629412 0.3000000000000002 8.30000000000084 8.30000000000084 10.29999999999973 10.29999999999973 15.29999999999696 
4 0 1735164845.4406908 1735164917.924005 0.3000000000000002 8.30000000000084 8.30000000000084 10.29999999999973 10.29999999999973 15.29999999999696 
4 0 1735164955.67841 1735165028.990777 0.3000000000000002 8.30000000000084 8.30000000000084 10.29999999999973 10.29999999999973 15.29999999999696 
4 3 1735165072.2394907 1735165145.45633 0.3000000000000002 8.30000000000084 8.30000000000084 10.29999999999973 0 0 
4 3 1735165165.7607477 1735165239.0817387 0.3000000000000002 8.30000000000084 8.30000000000084 10.29999999999973 0 0 
4 4 1735165263.9365573 1735165337.6614487 0.3000000000000002 8.30000000000084 8.30000000000084 10.29999999999973 10.29999999999973 15.29999999999696 
4 3 1735165375.7784789 1735165449.0063732 0.3000000000000002 8.30000000000084 8.30000000000084 10.29999999999973 0 0 
4 3 1735165474.333866 1735165547.2591224 0.3000000000000002 8.30000000000084 8.30000000000084 10.29999999999973 0 0 
4 3 1735165575.0957108 1735165648.3274982 0.3000000000000002 8.30000000000084 8.30000000000084 10.29999999999973 0 0 
4 3 1735165671.451763 1735165744.3712912 0.3000000000000002 8.30000000000084 8.30000000000084 10.29999999999973 0 0 
4 4 1735165768.426109 1735165841.1601653 0.3000000000000002 8.30000000000084 8.30000000000084 10.29999999999973 10.29999999999973 15.29999999999696 
4 3 1735165874.751244 1735165947.9154067 0.3000000000000002 8.30000000000084 8.30000000000084 10.29999999999973 0 0 
4 0 1735165973.5063887 1735166046.3007002 0.3000000000000002 8.30000000000084 8.30000000000084 10.29999999999973 10.29999999999973 15.29999999999696 
4 3 1735166091.653522 1735166164.937054 0.3000000000000002 8.30000000000084 8.30000000000084 10.29999999999973 0 0 
4 3 1735166187.247639 1735166260.3877523 0.3000000000000002 8.30000000000084 8.30000000000084 10.29999999999973 0 0 
4 3 1735166284.573056 1735166357.7829707 0.3000000000000002 8.30000000000084 8.30000000000084 10.29999999999973 0 0 
4 3 1735166385.0082166 1735166457.6506882 0.3000000000000002 8.30000000000084 8.30000000000084 10.29999999999973 0 0 
4 3 1735166484.07756 1735166556.6328459 0.3000000000000002 8.30000000000084 8.30000000000084 10.29999999999973 0 0 
4 0 1735166580.8511972 1735166652.962903 0.3000000000000002 8.30000000000084 8.30000000000084 10.29999999999973 10.29999999999973 15.29999999999696 
4 3 1735166691.7691364 1735166764.1889634 0.3000000000000002 8.30000000000084 8.30000000000084 10.29999999999973 0 0 
4 0 1735166788.559377 1735166861.4575958 0.3000000000000002 8.30000000000084 8.30000000000084 10.29999999999973 10.29999999999973 15.29999999999696 
4 3 1735166901.5072663 1735166974.1460862 0.3000000000000002 8.30000000000084 8.30000000000084 10.29999999999973 0 0 
4 0 1735167000.26216 1735167073.4239595 0.3000000000000002 8.30000000000084 8.30000000000084 10.29999999999973 10.29999999999973 15.29999999999696 
4 4 1735167114.2730153 1735167188.0670326 0.3000000000000002 8.30000000000084 8.30000000000084 10.29999999999973 10.29999999999973 15.29999999999696 
4 0 1735167223.161494 1735167296.5059714 0.3000000000000002 8.30000000000084 8.30000000000084 10.29999999999973 10.29999999999973 15.29999999999696 
4 0 1735167340.0678775 1735167412.8008287 0.3000000000000002 8.30000000000084 8.30000000000084 10.29999999999973 10.29999999999973 15.29999999999696 
4 0 1735167457.547758 1735167530.4702764 0.3000000000000002 8.30000000000084 8.30000000000084 10.29999999999973 10.29999999999973 15.29999999999696 
4 3 1735167569.600595 1735167641.9781718 0.3000000000000002 8.30000000000084 8.30000000000084 10.29999999999973 0 0 
4 3 1735167666.525457 1735167739.664034 0.3000000000000002 8.30000000000084 8.30000000000084 10.29999999999973 0 0 
4 3 1735167764.6985772 1735167838.2587054 0.3000000000000002 8.30000000000084 8.30000000000084 10.29999999999973 0 0 
4 3 1735167865.0045686 1735167938.0674875 0.3000000000000002 8.30000000000084 8.30000000000084 10.29999999999973 0 0 
4 3 1735167963.1175463 1735168036.8390396 0.3000000000000002 8.30000000000084 8.30000000000084 10.29999999999973 0 0 
4 3 1735168060.5618427 1735168134.4180121 0.3000000000000002 8.30000000000084 8.30000000000084 10.29999999999973 0 0 
4 3 1735168161.8937085 1735168234.718515 0.3000000000000002 8.30000000000084 8.30000000000084 10.29999999999973 0 0 
4 3 1735168260.5572164 1735168333.3554995 0.3000000000000002 8.30000000000084 8.30000000000084 10.29999999999973 0 0 
4 3 1735168359.1651528 1735168432.3242054 0.3000000000000002 8.30000000000084 8.30000000000084 10.29999999999973 0 0 
4 3 1735168458.4432964 1735168531.6714997 0.3000000000000002 8.30000000000084 8.30000000000084 10.29999999999973 0 0 
4 0 1735168557.1610544 1735168629.8491368 0.3000000000000002 8.30000000000084 8.30000000000084 10.29999999999973 10.29999999999973 15.29999999999696 
4 0 1735168670.5145283 1735168743.5091798 0.3000000000000002 8.30000000000084 8.30000000000084 10.29999999999973 10.29999999999973 15.29999999999696 
4 0 1735168785.1060858 1735168858.1484113 0.3000000000000002 8.30000000000084 8.30000000000084 10.29999999999973 10.29999999999973 15.29999999999696 
4 3 1735168897.1061819 1735168970.0906565 0.3000000000000002 8.30000000000084 8.30000000000084 10.29999999999973 0 0 
4 0 1735168995.7708876 1735169068.3577728 0.3000000000000002 8.30000000000084 8.30000000000084 10.29999999999973 10.29999999999973 15.29999999999696 
4 3 1735169111.8720706 1735169185.4000947 0.3000000000000002 8.30000000000084 8.30000000000084 10.29999999999973 0 0 
4 0 1735169213.529193 1735169287.3750083 0.3000000000000002 8.30000000000084 8.30000000000084 10.29999999999973 10.29999999999973 15.29999999999696 
4 0 1735169326.0166562 1735169399.2126987 0.3000000000000002 8.30000000000084 8.30000000000084 10.29999999999973 10.29999999999973 15.29999999999696 
4 3 1735169443.060446 1735169515.6183434 0.3000000000000002 8.30000000000084 8.30000000000084 10.29999999999973 0 0 
4 3 1735169539.6623137 1735169614.3694506 0.3000000000000002 8.30000000000084 8.30000000000084 10.29999999999973 0 0 
4 3 1735169639.1665983 1735169712.0391774 0.3000000000000002 8.30000000000084 8.30000000000084 10.29999999999973 0 0 
4 3 1735169737.552217 1735169811.875004 0.3000000000000002 8.30000000000084 8.30000000000084 10.29999999999973 0 0 
4 3 1735169839.4448981 1735169918.9615972 0.3000000000000002 8.30000000000084 8.30000000000084 10.29999999999973 0 0 
4 0 1735169943.8458076 1735170017.0658789 0.3000000000000002 8.30000000000084 8.30000000000084 10.29999999999973 10.29999999999973 15.29999999999696 
4 3 1735170056.4061036 1735170129.7231588 0.3000000000000002 8.30000000000084 8.30000000000084 10.29999999999973 0 0 
4 0 1735170155.2395754 1735170228.534012 0.3000000000000002 8.30000000000084 8.30000000000084 10.29999999999973 10.29999999999973 15.29999999999696 
4 3 1735170266.7199693 1735170339.5338893 0.3000000000000002 8.30000000000084 8.30000000000084 10.29999999999973 0 0 
4 3 1735170364.6928444 1735170434.3531244 0.3000000000000002 8.30000000000084 8.30000000000084 10.29999999999973 0 0 
4 3 1735170457.8934786 1735170533.0431385 0.3000000000000002 8.30000000000084 8.30000000000084 10.29999999999973 0 0 
4 3 1735170558.4353101 1735170631.6721263 0.3000000000000002 8.30000000000084 8.30000000000084 10.29999999999973 0 0 
4 3 1735170656.2138343 1735170729.0963116 0.3000000000000002 8.30000000000084 8.30000000000084 10.29999999999973 0 0 
4 0 1735170753.832433 1735170828.6273375 0.3000000000000002 8.30000000000084 8.30000000000084 10.29999999999973 10.29999999999973 15.29999999999696 
4 3 1735170871.7307713 1735170945.3555474 0.3000000000000002 8.30000000000084 8.30000000000084 10.29999999999973 0 0 
4 0 1735170969.8404481 1735171043.5666661 0.3000000000000002 8.30000000000084 8.30000000000084 10.29999999999973 10.29999999999973 15.29999999999696 
4 3 1735171086.8811135 1735171160.1793098 0.3000000000000002 8.30000000000084 8.30000000000084 10.29999999999973 0 0 
4 3 1735171184.6784291 1735171257.7073393 0.3000000000000002 8.30000000000084 8.30000000000084 10.29999999999973 0 0 
4 3 1735171281.620716 1735171355.1352425 0.3000000000000002 8.30000000000084 8.30000000000084 10.29999999999973 0 0 
4 3 1735171379.1727467 1735171452.1190755 0.3000000000000002 8.30000000000084 8.30000000000084 10.29999999999973 0 0 
4 3 1735171479.5679014 1735171552.6624327 0.3000000000000002 8.30000000000084 8.30000000000084 10.29999999999973 0 0 
